9.16547575584495288758546394092264e-01 8.34524244155046279747267590209958e-02 0.00000000000000000000000000000000e+00 0.00000000000000000000000000000000e+00 0.00000000000000000000000000000000e+00 
0.00000000000000000000000000000000e+00 8.15709886077838008944240755226929e-01 1.84290113922161963300183629144158e-01 0.00000000000000000000000000000000e+00 0.00000000000000000000000000000000e+00 
0.00000000000000000000000000000000e+00 0.00000000000000000000000000000000e+00 8.95733619589962559714990675274748e-01 1.04266380410037468040584940354165e-01 0.00000000000000000000000000000000e+00 
0.00000000000000000000000000000000e+00 0.00000000000000000000000000000000e+00 0.00000000000000000000000000000000e+00 9.37528331773255452219473227160051e-01 6.24716682267445477805267728399485e-02 
0.00000000000000000000000000000000e+00 0.00000000000000000000000000000000e+00 0.00000000000000000000000000000000e+00 0.00000000000000000000000000000000e+00 1.00000000000000000000000000000000e+00 

6.61933714727622635187742616835749e-01 3.38066285272377420323408614422078e-01 0.00000000000000000000000000000000e+00 0.00000000000000000000000000000000e+00 0.00000000000000000000000000000000e+00 
0.00000000000000000000000000000000e+00 9.00418245484975399151039709977340e-01 9.95817545150245592155968665792898e-02 0.00000000000000000000000000000000e+00 0.00000000000000000000000000000000e+00 
0.00000000000000000000000000000000e+00 0.00000000000000000000000000000000e+00 9.27523772333569973547184872586513e-01 7.24762276664299848194517039701168e-02 0.00000000000000000000000000000000e+00 
0.00000000000000000000000000000000e+00 0.00000000000000000000000000000000e+00 0.00000000000000000000000000000000e+00 9.34220793017060624485736752831144e-01 6.57792069829394032698388627977693e-02 
0.00000000000000000000000000000000e+00 0.00000000000000000000000000000000e+00 0.00000000000000000000000000000000e+00 0.00000000000000000000000000000000e+00 1.00000000000000000000000000000000e+00 

0.00000000000000000000000000000000e+00 1.00000000000000000000000000000000e+00 0.00000000000000000000000000000000e+00 0.00000000000000000000000000000000e+00 0.00000000000000000000000000000000e+00 
0.00000000000000000000000000000000e+00 8.75000000000000000000000000000000e-01 1.25000000000000000000000000000000e-01 0.00000000000000000000000000000000e+00 0.00000000000000000000000000000000e+00 
0.00000000000000000000000000000000e+00 0.00000000000000000000000000000000e+00 9.09985062759578910984714639198501e-01 9.00149372404211167708609764304128e-02 0.00000000000000000000000000000000e+00 
0.00000000000000000000000000000000e+00 0.00000000000000000000000000000000e+00 0.00000000000000000000000000000000e+00 9.22424890476774672620763340091798e-01 7.75751095232253273792366599082015e-02 
0.00000000000000000000000000000000e+00 0.00000000000000000000000000000000e+00 0.00000000000000000000000000000000e+00 0.00000000000000000000000000000000e+00 1.00000000000000000000000000000000e+00 

9.00000000000000022204460492503131e-01 1.00000000000000005551115123125783e-01 0.00000000000000000000000000000000e+00 0.00000000000000000000000000000000e+00 0.00000000000000000000000000000000e+00 
0.00000000000000000000000000000000e+00 7.50000000000000000000000000000000e-01 2.50000000000000000000000000000000e-01 0.00000000000000000000000000000000e+00 0.00000000000000000000000000000000e+00 
0.00000000000000000000000000000000e+00 0.00000000000000000000000000000000e+00 8.00000000000000044408920985006262e-01 2.00000000000000011102230246251565e-01 0.00000000000000000000000000000000e+00 
0.00000000000000000000000000000000e+00 0.00000000000000000000000000000000e+00 0.00000000000000000000000000000000e+00 9.23076923076923128164139598084148e-01 7.69230769230769134692238253592222e-02 
0.00000000000000000000000000000000e+00 0.00000000000000000000000000000000e+00 0.00000000000000000000000000000000e+00 0.00000000000000000000000000000000e+00 1.00000000000000000000000000000000e+00 

7.78850586685316703672299354366260e-01 2.21149413314683213060973798747000e-01 0.00000000000000000000000000000000e+00 0.00000000000000000000000000000000e+00 0.00000000000000000000000000000000e+00 
0.00000000000000000000000000000000e+00 8.82050028878259229081493231205968e-01 1.17949971121740868063021423495229e-01 0.00000000000000000000000000000000e+00 0.00000000000000000000000000000000e+00 
0.00000000000000000000000000000000e+00 0.00000000000000000000000000000000e+00 9.52380936291504331947521677648183e-01 4.76190637084956472357966106301319e-02 0.00000000000000000000000000000000e+00 
0.00000000000000000000000000000000e+00 0.00000000000000000000000000000000e+00 0.00000000000000000000000000000000e+00 8.77342692587176897767164973629406e-01 1.22657307412823060599471602927224e-01 
0.00000000000000000000000000000000e+00 0.00000000000000000000000000000000e+00 0.00000000000000000000000000000000e+00 0.00000000000000000000000000000000e+00 1.00000000000000000000000000000000e+00 

8.70888246879244154463606264471309e-01 1.29111753120755817780818119899777e-01 0.00000000000000000000000000000000e+00 0.00000000000000000000000000000000e+00 0.00000000000000000000000000000000e+00 
0.00000000000000000000000000000000e+00 6.93412875222017444087896365090273e-01 3.06587124777982500400952403651900e-01 0.00000000000000000000000000000000e+00 0.00000000000000000000000000000000e+00 
0.00000000000000000000000000000000e+00 0.00000000000000000000000000000000e+00 8.33142812172392055458658433053643e-01 1.66857187827607944541341566946357e-01 0.00000000000000000000000000000000e+00 
0.00000000000000000000000000000000e+00 0.00000000000000000000000000000000e+00 0.00000000000000000000000000000000e+00 9.47421714181649887720482183794957e-01 5.25782858183501192184117201122717e-02 
0.00000000000000000000000000000000e+00 0.00000000000000000000000000000000e+00 0.00000000000000000000000000000000e+00 0.00000000000000000000000000000000e+00 1.00000000000000000000000000000000e+00 

9.23076923076923128164139598084148e-01 7.69230769230769273470116331736790e-02 0.00000000000000000000000000000000e+00 0.00000000000000000000000000000000e+00 0.00000000000000000000000000000000e+00 
0.00000000000000000000000000000000e+00 0.00000000000000000000000000000000e+00 1.00000000000000000000000000000000e+00 0.00000000000000000000000000000000e+00 0.00000000000000000000000000000000e+00 
0.00000000000000000000000000000000e+00 0.00000000000000000000000000000000e+00 8.72771447392809207599384535569698e-01 1.27228552607190736889464233172475e-01 0.00000000000000000000000000000000e+00 
0.00000000000000000000000000000000e+00 0.00000000000000000000000000000000e+00 0.00000000000000000000000000000000e+00 9.38042626881188112974996329285204e-01 6.19573731188119633528366136943077e-02 
0.00000000000000000000000000000000e+00 0.00000000000000000000000000000000e+00 0.00000000000000000000000000000000e+00 0.00000000000000000000000000000000e+00 1.00000000000000000000000000000000e+00 

9.00000000000000022204460492503131e-01 1.00000000000000005551115123125783e-01 0.00000000000000000000000000000000e+00 0.00000000000000000000000000000000e+00 0.00000000000000000000000000000000e+00 
0.00000000000000000000000000000000e+00 5.00000000000000000000000000000000e-01 5.00000000000000000000000000000000e-01 0.00000000000000000000000000000000e+00 0.00000000000000000000000000000000e+00 
0.00000000000000000000000000000000e+00 0.00000000000000000000000000000000e+00 9.23076923076923128164139598084148e-01 7.69230769230769273470116331736790e-02 0.00000000000000000000000000000000e+00 
0.00000000000000000000000000000000e+00 0.00000000000000000000000000000000e+00 0.00000000000000000000000000000000e+00 9.00000000000000022204460492503131e-01 1.00000000000000005551115123125783e-01 
0.00000000000000000000000000000000e+00 0.00000000000000000000000000000000e+00 0.00000000000000000000000000000000e+00 0.00000000000000000000000000000000e+00 1.00000000000000000000000000000000e+00 

9.16666666666666629659232512494782e-01 8.33333333333333287074040640618477e-02 0.00000000000000000000000000000000e+00 0.00000000000000000000000000000000e+00 0.00000000000000000000000000000000e+00 
0.00000000000000000000000000000000e+00 8.00000000000000044408920985006262e-01 1.99999999999999983346654630622652e-01 0.00000000000000000000000000000000e+00 0.00000000000000000000000000000000e+00 
0.00000000000000000000000000000000e+00 0.00000000000000000000000000000000e+00 8.57142857142857095276156087493291e-01 1.42857142857142849212692681248882e-01 0.00000000000000000000000000000000e+00 
0.00000000000000000000000000000000e+00 0.00000000000000000000000000000000e+00 0.00000000000000000000000000000000e+00 9.23076923076923128164139598084148e-01 7.69230769230769273470116331736790e-02 
0.00000000000000000000000000000000e+00 0.00000000000000000000000000000000e+00 0.00000000000000000000000000000000e+00 0.00000000000000000000000000000000e+00 1.00000000000000000000000000000000e+00 

8.50712177503043065485144325066358e-01 1.49287822496956879003704443675815e-01 0.00000000000000000000000000000000e+00 0.00000000000000000000000000000000e+00 0.00000000000000000000000000000000e+00 
0.00000000000000000000000000000000e+00 8.11454564603731776095685290783877e-01 1.88545435396268251659890324845037e-01 0.00000000000000000000000000000000e+00 0.00000000000000000000000000000000e+00 
0.00000000000000000000000000000000e+00 0.00000000000000000000000000000000e+00 8.74965122507328496581635590700898e-01 1.25034877492671503418364409299102e-01 0.00000000000000000000000000000000e+00 
0.00000000000000000000000000000000e+00 0.00000000000000000000000000000000e+00 0.00000000000000000000000000000000e+00 9.33334086419388642141825584985781e-01 6.66659135806113023470231837563915e-02 
0.00000000000000000000000000000000e+00 0.00000000000000000000000000000000e+00 0.00000000000000000000000000000000e+00 0.00000000000000000000000000000000e+00 1.00000000000000000000000000000000e+00 

8.99992757698353185169537482579472e-01 1.00007242301646773197099093977158e-01 0.00000000000000000000000000000000e+00 0.00000000000000000000000000000000e+00 0.00000000000000000000000000000000e+00 
0.00000000000000000000000000000000e+00 6.66783349070371844646842873771675e-01 3.33216650929628099842005894970498e-01 0.00000000000000000000000000000000e+00 0.00000000000000000000000000000000e+00 
0.00000000000000000000000000000000e+00 0.00000000000000000000000000000000e+00 8.74994899085219324241791127860779e-01 1.25005100914780620247057640881394e-01 0.00000000000000000000000000000000e+00 
0.00000000000000000000000000000000e+00 0.00000000000000000000000000000000e+00 0.00000000000000000000000000000000e+00 9.48792827498157742560636052076006e-01 5.12071725018423060116212752745923e-02 
0.00000000000000000000000000000000e+00 0.00000000000000000000000000000000e+00 0.00000000000000000000000000000000e+00 0.00000000000000000000000000000000e+00 1.00000000000000000000000000000000e+00 

8.75000000000000000000000000000000e-01 1.25000000000000000000000000000000e-01 0.00000000000000000000000000000000e+00 0.00000000000000000000000000000000e+00 0.00000000000000000000000000000000e+00 
0.00000000000000000000000000000000e+00 7.50000000000000000000000000000000e-01 2.50000000000000000000000000000000e-01 0.00000000000000000000000000000000e+00 0.00000000000000000000000000000000e+00 
0.00000000000000000000000000000000e+00 0.00000000000000000000000000000000e+00 8.88888888888888839545643349993043e-01 1.11111111111111104943205418749130e-01 0.00000000000000000000000000000000e+00 
0.00000000000000000000000000000000e+00 0.00000000000000000000000000000000e+00 0.00000000000000000000000000000000e+00 9.23076923076923128164139598084148e-01 7.69230769230769134692238253592222e-02 
0.00000000000000000000000000000000e+00 0.00000000000000000000000000000000e+00 0.00000000000000000000000000000000e+00 0.00000000000000000000000000000000e+00 1.00000000000000000000000000000000e+00 

9.23076901809225192074848109768936e-01 7.69230981907748495585153136744339e-02 0.00000000000000000000000000000000e+00 0.00000000000000000000000000000000e+00 0.00000000000000000000000000000000e+00 
0.00000000000000000000000000000000e+00 8.78291684658282556519282024964923e-01 1.21708315341717401847354551591707e-01 0.00000000000000000000000000000000e+00 0.00000000000000000000000000000000e+00 
0.00000000000000000000000000000000e+00 0.00000000000000000000000000000000e+00 8.97782536951688636683854838338448e-01 1.02217463048311391071720777290466e-01 0.00000000000000000000000000000000e+00 
0.00000000000000000000000000000000e+00 0.00000000000000000000000000000000e+00 0.00000000000000000000000000000000e+00 9.58159672046005606027563317184104e-01 4.18403279539943731557549710942112e-02 
0.00000000000000000000000000000000e+00 0.00000000000000000000000000000000e+00 0.00000000000000000000000000000000e+00 0.00000000000000000000000000000000e+00 1.00000000000000000000000000000000e+00 

9.01745722218704082173701408464694e-01 9.82542777812959594596620149786759e-02 0.00000000000000000000000000000000e+00 0.00000000000000000000000000000000e+00 0.00000000000000000000000000000000e+00 
0.00000000000000000000000000000000e+00 6.89199987269063285566517151892185e-01 3.10800012730936714433482848107815e-01 0.00000000000000000000000000000000e+00 0.00000000000000000000000000000000e+00 
0.00000000000000000000000000000000e+00 0.00000000000000000000000000000000e+00 8.86943581142371484382636026566615e-01 1.13056418857628543372939589062298e-01 0.00000000000000000000000000000000e+00 
0.00000000000000000000000000000000e+00 0.00000000000000000000000000000000e+00 0.00000000000000000000000000000000e+00 9.21788532924746051300246563187102e-01 7.82114670752539348219656289984414e-02 
0.00000000000000000000000000000000e+00 0.00000000000000000000000000000000e+00 0.00000000000000000000000000000000e+00 0.00000000000000000000000000000000e+00 1.00000000000000000000000000000000e+00 

8.67054301921037162692584843171062e-01 1.32945698078962837307415156828938e-01 0.00000000000000000000000000000000e+00 0.00000000000000000000000000000000e+00 0.00000000000000000000000000000000e+00 
0.00000000000000000000000000000000e+00 8.37371398799863109196905952558154e-01 1.62628601200136946314245278699673e-01 0.00000000000000000000000000000000e+00 0.00000000000000000000000000000000e+00 
0.00000000000000000000000000000000e+00 0.00000000000000000000000000000000e+00 2.69254641046682674510037713844213e-01 7.30745358953317381001113517413614e-01 0.00000000000000000000000000000000e+00 
0.00000000000000000000000000000000e+00 0.00000000000000000000000000000000e+00 0.00000000000000000000000000000000e+00 9.58266091991957558171577602479374e-01 4.17339080080424834617858209639962e-02 
0.00000000000000000000000000000000e+00 0.00000000000000000000000000000000e+00 0.00000000000000000000000000000000e+00 0.00000000000000000000000000000000e+00 1.00000000000000000000000000000000e+00 

0.00000000000000000000000000000000e+00 1.00000000000000000000000000000000e+00 0.00000000000000000000000000000000e+00 0.00000000000000000000000000000000e+00 0.00000000000000000000000000000000e+00 
0.00000000000000000000000000000000e+00 9.23076923076923128164139598084148e-01 7.69230769230769273470116331736790e-02 0.00000000000000000000000000000000e+00 0.00000000000000000000000000000000e+00 
0.00000000000000000000000000000000e+00 0.00000000000000000000000000000000e+00 7.94326647935667096156464594969293e-01 2.05673352064332931599111020659620e-01 0.00000000000000000000000000000000e+00 
0.00000000000000000000000000000000e+00 0.00000000000000000000000000000000e+00 0.00000000000000000000000000000000e+00 9.52691658738137880924057299125707e-01 4.73083412618621398926244125959784e-02 
0.00000000000000000000000000000000e+00 0.00000000000000000000000000000000e+00 0.00000000000000000000000000000000e+00 0.00000000000000000000000000000000e+00 1.00000000000000000000000000000000e+00 

5.28792157532284479160011869680602e-01 4.71207842467715465328836899061571e-01 0.00000000000000000000000000000000e+00 0.00000000000000000000000000000000e+00 0.00000000000000000000000000000000e+00 
0.00000000000000000000000000000000e+00 2.97322817065191924434941483923467e-01 7.02677182934808075565058516076533e-01 0.00000000000000000000000000000000e+00 0.00000000000000000000000000000000e+00 
0.00000000000000000000000000000000e+00 0.00000000000000000000000000000000e+00 9.56056714735375345881607245246414e-01 4.39432852646246610572866586608143e-02 0.00000000000000000000000000000000e+00 
0.00000000000000000000000000000000e+00 0.00000000000000000000000000000000e+00 0.00000000000000000000000000000000e+00 9.06525117801374236137235129717737e-01 9.34748821986257777405526780967193e-02 
0.00000000000000000000000000000000e+00 0.00000000000000000000000000000000e+00 0.00000000000000000000000000000000e+00 0.00000000000000000000000000000000e+00 1.00000000000000000000000000000000e+00 

9.00000000000000022204460492503131e-01 1.00000000000000005551115123125783e-01 0.00000000000000000000000000000000e+00 0.00000000000000000000000000000000e+00 0.00000000000000000000000000000000e+00 
0.00000000000000000000000000000000e+00 5.00000000000000111022302462515654e-01 5.00000000000000000000000000000000e-01 0.00000000000000000000000000000000e+00 0.00000000000000000000000000000000e+00 
0.00000000000000000000000000000000e+00 0.00000000000000000000000000000000e+00 0.00000000000000000000000000000000e+00 1.00000000000000000000000000000000e+00 0.00000000000000000000000000000000e+00 
0.00000000000000000000000000000000e+00 0.00000000000000000000000000000000e+00 0.00000000000000000000000000000000e+00 9.56521739130434811571035425004084e-01 4.34782608695652161845401906248298e-02 
0.00000000000000000000000000000000e+00 0.00000000000000000000000000000000e+00 0.00000000000000000000000000000000e+00 0.00000000000000000000000000000000e+00 1.00000000000000000000000000000000e+00 

9.04593561950086000322812651575077e-01 9.54064380499140274327629640538362e-02 0.00000000000000000000000000000000e+00 0.00000000000000000000000000000000e+00 0.00000000000000000000000000000000e+00 
0.00000000000000000000000000000000e+00 7.15790161253742063252047955757007e-01 2.84209838746257992259103275500820e-01 0.00000000000000000000000000000000e+00 0.00000000000000000000000000000000e+00 
0.00000000000000000000000000000000e+00 0.00000000000000000000000000000000e+00 8.90507779937471100062396089924732e-01 1.09492220062528913815391717889725e-01 0.00000000000000000000000000000000e+00 
0.00000000000000000000000000000000e+00 0.00000000000000000000000000000000e+00 0.00000000000000000000000000000000e+00 9.40712391890996202370445189444581e-01 5.92876081090037074239340597614500e-02 
0.00000000000000000000000000000000e+00 0.00000000000000000000000000000000e+00 0.00000000000000000000000000000000e+00 0.00000000000000000000000000000000e+00 1.00000000000000000000000000000000e+00 

8.88888888888878181404606948490255e-01 1.11111111111121790839817435880832e-01 0.00000000000000000000000000000000e+00 0.00000000000000000000000000000000e+00 0.00000000000000000000000000000000e+00 
0.00000000000000000000000000000000e+00 7.49999999897787983371699738199823e-01 2.50000000102212016628300261800177e-01 0.00000000000000000000000000000000e+00 0.00000000000000000000000000000000e+00 
0.00000000000000000000000000000000e+00 0.00000000000000000000000000000000e+00 4.40947119560889999601016597807757e-01 5.59052880439110055910134633450070e-01 0.00000000000000000000000000000000e+00 
0.00000000000000000000000000000000e+00 0.00000000000000000000000000000000e+00 0.00000000000000000000000000000000e+00 9.54977791451506741182697624026332e-01 4.50222085484932935117718955098098e-02 
0.00000000000000000000000000000000e+00 0.00000000000000000000000000000000e+00 0.00000000000000000000000000000000e+00 0.00000000000000000000000000000000e+00 1.00000000000000000000000000000000e+00 

8.00000000000000044408920985006262e-01 2.00000000000000011102230246251565e-01 0.00000000000000000000000000000000e+00 0.00000000000000000000000000000000e+00 0.00000000000000000000000000000000e+00 
0.00000000000000000000000000000000e+00 8.00000000000000044408920985006262e-01 2.00000000000000011102230246251565e-01 0.00000000000000000000000000000000e+00 0.00000000000000000000000000000000e+00 
0.00000000000000000000000000000000e+00 0.00000000000000000000000000000000e+00 8.75000000000000000000000000000000e-01 1.25000000000000000000000000000000e-01 0.00000000000000000000000000000000e+00 
0.00000000000000000000000000000000e+00 0.00000000000000000000000000000000e+00 0.00000000000000000000000000000000e+00 9.56521739130434811571035425004084e-01 4.34782608695652161845401906248298e-02 
0.00000000000000000000000000000000e+00 0.00000000000000000000000000000000e+00 0.00000000000000000000000000000000e+00 0.00000000000000000000000000000000e+00 1.00000000000000000000000000000000e+00 

8.82316355687417175346354270004667e-01 1.17683644312582838531433537809789e-01 0.00000000000000000000000000000000e+00 0.00000000000000000000000000000000e+00 0.00000000000000000000000000000000e+00 
0.00000000000000000000000000000000e+00 6.00422396129491775518260965327499e-01 3.99577603870508168970587803414674e-01 0.00000000000000000000000000000000e+00 0.00000000000000000000000000000000e+00 
0.00000000000000000000000000000000e+00 0.00000000000000000000000000000000e+00 7.99999988531613914766182915627724e-01 2.00000011468386085233817084372276e-01 0.00000000000000000000000000000000e+00 
0.00000000000000000000000000000000e+00 0.00000000000000000000000000000000e+00 0.00000000000000000000000000000000e+00 9.62158438069739108122746529261349e-01 3.78415619302608849383595668314229e-02 
0.00000000000000000000000000000000e+00 0.00000000000000000000000000000000e+00 0.00000000000000000000000000000000e+00 0.00000000000000000000000000000000e+00 1.00000000000000000000000000000000e+00 

8.74999999672728123734088967466960e-01 1.25000000327271987288213495048694e-01 0.00000000000000000000000000000000e+00 0.00000000000000000000000000000000e+00 0.00000000000000000000000000000000e+00 
0.00000000000000000000000000000000e+00 7.77382662142027669460730976425111e-01 2.22617337857972302783693407945975e-01 0.00000000000000000000000000000000e+00 0.00000000000000000000000000000000e+00 
0.00000000000000000000000000000000e+00 0.00000000000000000000000000000000e+00 7.78171494410146546982787185697816e-01 2.21828505589853480772788429931097e-01 0.00000000000000000000000000000000e+00 
0.00000000000000000000000000000000e+00 0.00000000000000000000000000000000e+00 0.00000000000000000000000000000000e+00 9.33336648083800568542756082024425e-01 6.66633519161994869683951492334018e-02 
0.00000000000000000000000000000000e+00 0.00000000000000000000000000000000e+00 0.00000000000000000000000000000000e+00 0.00000000000000000000000000000000e+00 1.00000000000000000000000000000000e+00 

8.74999999999515387649751119170105e-01 1.25000000000484667861400112087722e-01 0.00000000000000000000000000000000e+00 0.00000000000000000000000000000000e+00 0.00000000000000000000000000000000e+00 
0.00000000000000000000000000000000e+00 5.00000000021324719767790156765841e-01 4.99999999978675280232209843234159e-01 0.00000000000000000000000000000000e+00 0.00000000000000000000000000000000e+00 
0.00000000000000000000000000000000e+00 0.00000000000000000000000000000000e+00 4.99999999986429799481157942864229e-01 5.00000000013570256029993288393598e-01 0.00000000000000000000000000000000e+00 
0.00000000000000000000000000000000e+00 0.00000000000000000000000000000000e+00 0.00000000000000000000000000000000e+00 9.58333333333333370340767487505218e-01 4.16666666666666643537020320309239e-02 
0.00000000000000000000000000000000e+00 0.00000000000000000000000000000000e+00 0.00000000000000000000000000000000e+00 0.00000000000000000000000000000000e+00 1.00000000000000000000000000000000e+00 

9.00000000000000022204460492503131e-01 1.00000000000000005551115123125783e-01 0.00000000000000000000000000000000e+00 0.00000000000000000000000000000000e+00 0.00000000000000000000000000000000e+00 
0.00000000000000000000000000000000e+00 6.66666666666666629659232512494782e-01 3.33333333333333314829616256247391e-01 0.00000000000000000000000000000000e+00 0.00000000000000000000000000000000e+00 
0.00000000000000000000000000000000e+00 0.00000000000000000000000000000000e+00 8.00000000000000044408920985006262e-01 2.00000000000000011102230246251565e-01 0.00000000000000000000000000000000e+00 
0.00000000000000000000000000000000e+00 0.00000000000000000000000000000000e+00 0.00000000000000000000000000000000e+00 9.44444444444444419772821674996521e-01 5.55555555555555524716027093745652e-02 
0.00000000000000000000000000000000e+00 0.00000000000000000000000000000000e+00 0.00000000000000000000000000000000e+00 0.00000000000000000000000000000000e+00 1.00000000000000000000000000000000e+00 

