8.00005044853382973890632001712220e-01 1.99994955146616970598216767029953e-01 0.00000000000000000000000000000000e+00 0.00000000000000000000000000000000e+00 0.00000000000000000000000000000000e+00 
0.00000000000000000000000000000000e+00 8.57287077563904764687663373479154e-01 1.42712922436095290823487857778673e-01 0.00000000000000000000000000000000e+00 0.00000000000000000000000000000000e+00 
0.00000000000000000000000000000000e+00 0.00000000000000000000000000000000e+00 8.91053181101178259915229773469036e-01 1.08946818898821712329194610902050e-01 0.00000000000000000000000000000000e+00 
0.00000000000000000000000000000000e+00 0.00000000000000000000000000000000e+00 0.00000000000000000000000000000000e+00 8.98104850190356240879907545604510e-01 1.01895149809643745242304646581033e-01 
0.00000000000000000000000000000000e+00 0.00000000000000000000000000000000e+00 0.00000000000000000000000000000000e+00 0.00000000000000000000000000000000e+00 1.00000000000000000000000000000000e+00 

0.00000000000000000000000000000000e+00 1.00000000000000000000000000000000e+00 0.00000000000000000000000000000000e+00 0.00000000000000000000000000000000e+00 0.00000000000000000000000000000000e+00 
0.00000000000000000000000000000000e+00 9.23076923076923128164139598084148e-01 7.69230769230769273470116331736790e-02 0.00000000000000000000000000000000e+00 0.00000000000000000000000000000000e+00 
0.00000000000000000000000000000000e+00 0.00000000000000000000000000000000e+00 8.57143029308090054207980301725911e-01 1.42856970691910001303170929531916e-01 0.00000000000000000000000000000000e+00 
0.00000000000000000000000000000000e+00 0.00000000000000000000000000000000e+00 0.00000000000000000000000000000000e+00 8.57142684977209357022331914777169e-01 1.42857315022790698488819316480658e-01 
0.00000000000000000000000000000000e+00 0.00000000000000000000000000000000e+00 0.00000000000000000000000000000000e+00 0.00000000000000000000000000000000e+00 1.00000000000000000000000000000000e+00 

8.33330759132655973786540926084854e-01 1.66669240867344109480185920801887e-01 0.00000000000000000000000000000000e+00 0.00000000000000000000000000000000e+00 0.00000000000000000000000000000000e+00 
0.00000000000000000000000000000000e+00 8.44733486024561441851687959569972e-01 1.55266513975438530392736424801114e-01 0.00000000000000000000000000000000e+00 0.00000000000000000000000000000000e+00 
0.00000000000000000000000000000000e+00 0.00000000000000000000000000000000e+00 8.47545747562233220406824329984374e-01 1.52454252437766807348751285644539e-01 0.00000000000000000000000000000000e+00 
0.00000000000000000000000000000000e+00 0.00000000000000000000000000000000e+00 0.00000000000000000000000000000000e+00 9.16667826964805421141591068590060e-01 8.33321730351945788584089314099401e-02 
0.00000000000000000000000000000000e+00 0.00000000000000000000000000000000e+00 0.00000000000000000000000000000000e+00 0.00000000000000000000000000000000e+00 1.00000000000000000000000000000000e+00 

8.00712059010275867265704619057942e-01 1.99287940989724160489870996570971e-01 0.00000000000000000000000000000000e+00 0.00000000000000000000000000000000e+00 0.00000000000000000000000000000000e+00 
0.00000000000000000000000000000000e+00 8.32835606439126130418060256488388e-01 1.67164393560873814070788512253785e-01 0.00000000000000000000000000000000e+00 0.00000000000000000000000000000000e+00 
0.00000000000000000000000000000000e+00 0.00000000000000000000000000000000e+00 8.33332530301531537730852505774237e-01 1.66667469698468490024723109854676e-01 0.00000000000000000000000000000000e+00 
0.00000000000000000000000000000000e+00 0.00000000000000000000000000000000e+00 0.00000000000000000000000000000000e+00 9.17207119700516493310260557336733e-01 8.27928802994835344453150582921808e-02 
0.00000000000000000000000000000000e+00 0.00000000000000000000000000000000e+00 0.00000000000000000000000000000000e+00 0.00000000000000000000000000000000e+00 1.00000000000000000000000000000000e+00 

5.00000000000000000000000000000000e-01 5.00000000000000000000000000000000e-01 0.00000000000000000000000000000000e+00 0.00000000000000000000000000000000e+00 0.00000000000000000000000000000000e+00 
0.00000000000000000000000000000000e+00 9.28571428571428603149229275004473e-01 7.14285714285714246063463406244409e-02 0.00000000000000000000000000000000e+00 0.00000000000000000000000000000000e+00 
0.00000000000000000000000000000000e+00 0.00000000000000000000000000000000e+00 8.00000000000028688162956314045005e-01 1.99999999999971339592619301583909e-01 0.00000000000000000000000000000000e+00 
0.00000000000000000000000000000000e+00 0.00000000000000000000000000000000e+00 0.00000000000000000000000000000000e+00 8.99999999999992805754800428985618e-01 1.00000000000007152611836147571012e-01 
0.00000000000000000000000000000000e+00 0.00000000000000000000000000000000e+00 0.00000000000000000000000000000000e+00 0.00000000000000000000000000000000e+00 1.00000000000000000000000000000000e+00 

8.38850925580730821806696440035012e-01 1.61149074419269205948879175593902e-01 0.00000000000000000000000000000000e+00 0.00000000000000000000000000000000e+00 0.00000000000000000000000000000000e+00 
0.00000000000000000000000000000000e+00 9.39606780751477077551214733830420e-01 6.03932192485228669376340349117527e-02 0.00000000000000000000000000000000e+00 0.00000000000000000000000000000000e+00 
0.00000000000000000000000000000000e+00 0.00000000000000000000000000000000e+00 8.94433773980007895687549535068683e-01 1.05566226019992132068026080560230e-01 0.00000000000000000000000000000000e+00 
0.00000000000000000000000000000000e+00 0.00000000000000000000000000000000e+00 0.00000000000000000000000000000000e+00 7.34303215822935340106880630628439e-01 2.65696784177064604381968138113734e-01 
0.00000000000000000000000000000000e+00 0.00000000000000000000000000000000e+00 0.00000000000000000000000000000000e+00 0.00000000000000000000000000000000e+00 1.00000000000000000000000000000000e+00 

8.57142857166437011073867324739695e-01 1.42857142833563044437283906518132e-01 0.00000000000000000000000000000000e+00 0.00000000000000000000000000000000e+00 0.00000000000000000000000000000000e+00 
0.00000000000000000000000000000000e+00 9.09090909081360254440085100213764e-01 9.09090909186397871932783232296060e-02 0.00000000000000000000000000000000e+00 0.00000000000000000000000000000000e+00 
0.00000000000000000000000000000000e+00 0.00000000000000000000000000000000e+00 8.57142857143073033654445680440404e-01 1.42857142856926966345554319559596e-01 0.00000000000000000000000000000000e+00 
0.00000000000000000000000000000000e+00 0.00000000000000000000000000000000e+00 0.00000000000000000000000000000000e+00 8.98783183164702514922339560143882e-01 1.01216816835297401810933592969377e-01 
0.00000000000000000000000000000000e+00 0.00000000000000000000000000000000e+00 0.00000000000000000000000000000000e+00 0.00000000000000000000000000000000e+00 1.00000000000000000000000000000000e+00 

7.50000000000000111022302462515654e-01 2.50000000000000000000000000000000e-01 0.00000000000000000000000000000000e+00 0.00000000000000000000000000000000e+00 0.00000000000000000000000000000000e+00 
0.00000000000000000000000000000000e+00 4.99999999999999944488848768742173e-01 5.00000000000000111022302462515654e-01 0.00000000000000000000000000000000e+00 0.00000000000000000000000000000000e+00 
0.00000000000000000000000000000000e+00 0.00000000000000000000000000000000e+00 9.16666666666666629659232512494782e-01 8.33333333333333287074040640618477e-02 0.00000000000000000000000000000000e+00 
0.00000000000000000000000000000000e+00 0.00000000000000000000000000000000e+00 0.00000000000000000000000000000000e+00 9.47940592342055854402360637323000e-01 5.20594076579440900864881314191734e-02 
0.00000000000000000000000000000000e+00 0.00000000000000000000000000000000e+00 0.00000000000000000000000000000000e+00 0.00000000000000000000000000000000e+00 1.00000000000000000000000000000000e+00 

8.57142857142857206298458550008945e-01 1.42857142857142849212692681248882e-01 0.00000000000000000000000000000000e+00 0.00000000000000000000000000000000e+00 0.00000000000000000000000000000000e+00 
0.00000000000000000000000000000000e+00 9.00000000000000022204460492503131e-01 1.00000000000000005551115123125783e-01 0.00000000000000000000000000000000e+00 0.00000000000000000000000000000000e+00 
0.00000000000000000000000000000000e+00 0.00000000000000000000000000000000e+00 9.00000000000000022204460492503131e-01 1.00000000000000005551115123125783e-01 0.00000000000000000000000000000000e+00 
0.00000000000000000000000000000000e+00 0.00000000000000000000000000000000e+00 0.00000000000000000000000000000000e+00 9.27676084183142068972927063441603e-01 7.23239158168579032714973209294840e-02 
0.00000000000000000000000000000000e+00 0.00000000000000000000000000000000e+00 0.00000000000000000000000000000000e+00 0.00000000000000000000000000000000e+00 1.00000000000000000000000000000000e+00 

6.66666666666666629659232512494782e-01 3.33333333333333314829616256247391e-01 0.00000000000000000000000000000000e+00 0.00000000000000000000000000000000e+00 0.00000000000000000000000000000000e+00 
0.00000000000000000000000000000000e+00 9.52380952380952328084617874992546e-01 4.76190476190476164042308937496273e-02 0.00000000000000000000000000000000e+00 0.00000000000000000000000000000000e+00 
0.00000000000000000000000000000000e+00 0.00000000000000000000000000000000e+00 5.00000000000000222044604925031308e-01 4.99999999999999777955395074968692e-01 0.00000000000000000000000000000000e+00 
0.00000000000000000000000000000000e+00 0.00000000000000000000000000000000e+00 0.00000000000000000000000000000000e+00 9.28571428571428603149229275004473e-01 7.14285714285714246063463406244409e-02 
0.00000000000000000000000000000000e+00 0.00000000000000000000000000000000e+00 0.00000000000000000000000000000000e+00 0.00000000000000000000000000000000e+00 1.00000000000000000000000000000000e+00 

8.33333333333333370340767487505218e-01 1.66666666666666657414808128123695e-01 0.00000000000000000000000000000000e+00 0.00000000000000000000000000000000e+00 0.00000000000000000000000000000000e+00 
0.00000000000000000000000000000000e+00 9.33333333333333348136306995002087e-01 6.66666666666666657414808128123695e-02 0.00000000000000000000000000000000e+00 0.00000000000000000000000000000000e+00 
0.00000000000000000000000000000000e+00 0.00000000000000000000000000000000e+00 6.66666667279877001028864924592199e-01 3.33333332720122998971135075407801e-01 0.00000000000000000000000000000000e+00 
0.00000000000000000000000000000000e+00 0.00000000000000000000000000000000e+00 0.00000000000000000000000000000000e+00 9.16666666628341064715357333625434e-01 8.33333333716589769180060898179363e-02 
0.00000000000000000000000000000000e+00 0.00000000000000000000000000000000e+00 0.00000000000000000000000000000000e+00 0.00000000000000000000000000000000e+00 1.00000000000000000000000000000000e+00 

6.67007939293651763712489355384605e-01 3.32992060706348180776359413357568e-01 0.00000000000000000000000000000000e+00 0.00000000000000000000000000000000e+00 0.00000000000000000000000000000000e+00 
0.00000000000000000000000000000000e+00 7.49806108928720349560137492517242e-01 2.50193891071279594928711276224931e-01 0.00000000000000000000000000000000e+00 0.00000000000000000000000000000000e+00 
0.00000000000000000000000000000000e+00 0.00000000000000000000000000000000e+00 9.37500099462882707790356562327361e-01 6.24999005371172436373861103220406e-02 0.00000000000000000000000000000000e+00 
0.00000000000000000000000000000000e+00 0.00000000000000000000000000000000e+00 0.00000000000000000000000000000000e+00 9.48805803796155533547107552294619e-01 5.11941962038444525751046398909239e-02 
0.00000000000000000000000000000000e+00 0.00000000000000000000000000000000e+00 0.00000000000000000000000000000000e+00 0.00000000000000000000000000000000e+00 1.00000000000000000000000000000000e+00 

6.66678623307104478712403761164751e-01 3.33321376692895521287596238835249e-01 0.00000000000000000000000000000000e+00 0.00000000000000000000000000000000e+00 0.00000000000000000000000000000000e+00 
0.00000000000000000000000000000000e+00 9.06763032249877420909456304798368e-01 9.32369677501225652127558873871749e-02 0.00000000000000000000000000000000e+00 0.00000000000000000000000000000000e+00 
0.00000000000000000000000000000000e+00 0.00000000000000000000000000000000e+00 8.79182715862402042183987305179471e-01 1.20817284137598041082739541707269e-01 0.00000000000000000000000000000000e+00 
0.00000000000000000000000000000000e+00 0.00000000000000000000000000000000e+00 0.00000000000000000000000000000000e+00 8.57205350665024790046686575806234e-01 1.42794649334975209953313424193766e-01 
0.00000000000000000000000000000000e+00 0.00000000000000000000000000000000e+00 0.00000000000000000000000000000000e+00 0.00000000000000000000000000000000e+00 1.00000000000000000000000000000000e+00 

6.40592146982358778828370304836426e-01 3.59407853017641221171629695163574e-01 0.00000000000000000000000000000000e+00 0.00000000000000000000000000000000e+00 0.00000000000000000000000000000000e+00 
0.00000000000000000000000000000000e+00 6.37844601000375210908543976984220e-01 3.62155398999624900113758485531434e-01 0.00000000000000000000000000000000e+00 0.00000000000000000000000000000000e+00 
0.00000000000000000000000000000000e+00 0.00000000000000000000000000000000e+00 9.30881245910964327805459106457420e-01 6.91187540890357138279043169859506e-02 0.00000000000000000000000000000000e+00 
0.00000000000000000000000000000000e+00 0.00000000000000000000000000000000e+00 0.00000000000000000000000000000000e+00 9.28512951696789823330391300260089e-01 7.14870483032101489140330841109972e-02 
0.00000000000000000000000000000000e+00 0.00000000000000000000000000000000e+00 0.00000000000000000000000000000000e+00 0.00000000000000000000000000000000e+00 1.00000000000000000000000000000000e+00 

7.50404303335114430950625319383107e-01 2.49595696664885569049374680616893e-01 0.00000000000000000000000000000000e+00 0.00000000000000000000000000000000e+00 0.00000000000000000000000000000000e+00 
0.00000000000000000000000000000000e+00 8.74883892324922363137318370718276e-01 1.25116107675077609107106013652810e-01 0.00000000000000000000000000000000e+00 0.00000000000000000000000000000000e+00 
0.00000000000000000000000000000000e+00 0.00000000000000000000000000000000e+00 9.23023938999688042805757959285984e-01 7.69760610003119710720298485284729e-02 0.00000000000000000000000000000000e+00 
0.00000000000000000000000000000000e+00 0.00000000000000000000000000000000e+00 0.00000000000000000000000000000000e+00 9.38131966083732393713034980464727e-01 6.18680339162676409814345390714152e-02 
0.00000000000000000000000000000000e+00 0.00000000000000000000000000000000e+00 0.00000000000000000000000000000000e+00 0.00000000000000000000000000000000e+00 1.00000000000000000000000000000000e+00 

7.94555196331539037579716477921465e-01 2.05444803668461017931434753336362e-01 0.00000000000000000000000000000000e+00 0.00000000000000000000000000000000e+00 0.00000000000000000000000000000000e+00 
0.00000000000000000000000000000000e+00 6.80767941122133235509750193159562e-01 3.19232058877866764490249806840438e-01 0.00000000000000000000000000000000e+00 0.00000000000000000000000000000000e+00 
0.00000000000000000000000000000000e+00 0.00000000000000000000000000000000e+00 9.16666632803162073628300277050585e-01 8.33333671968379680050631463927857e-02 0.00000000000000000000000000000000e+00 
0.00000000000000000000000000000000e+00 0.00000000000000000000000000000000e+00 0.00000000000000000000000000000000e+00 9.16666674462331521056057681562379e-01 8.33333255376684650661545106231642e-02 
0.00000000000000000000000000000000e+00 0.00000000000000000000000000000000e+00 0.00000000000000000000000000000000e+00 0.00000000000000000000000000000000e+00 1.00000000000000000000000000000000e+00 

7.49981011115909979025673237629235e-01 2.50018988884090020974326762370765e-01 0.00000000000000000000000000000000e+00 0.00000000000000000000000000000000e+00 0.00000000000000000000000000000000e+00 
0.00000000000000000000000000000000e+00 9.41147450302816435119268589915009e-01 5.88525496971836481474582569717313e-02 0.00000000000000000000000000000000e+00 0.00000000000000000000000000000000e+00 
0.00000000000000000000000000000000e+00 0.00000000000000000000000000000000e+00 6.16462414505979605650054509169422e-01 3.83537585494020394349945490830578e-01 0.00000000000000000000000000000000e+00 
0.00000000000000000000000000000000e+00 0.00000000000000000000000000000000e+00 0.00000000000000000000000000000000e+00 9.29822515090799606163329826813424e-01 7.01774849092003799588823653721192e-02 
0.00000000000000000000000000000000e+00 0.00000000000000000000000000000000e+00 0.00000000000000000000000000000000e+00 0.00000000000000000000000000000000e+00 1.00000000000000000000000000000000e+00 

6.66666666666666629659232512494782e-01 3.33333333333333314829616256247391e-01 0.00000000000000000000000000000000e+00 0.00000000000000000000000000000000e+00 0.00000000000000000000000000000000e+00 
0.00000000000000000000000000000000e+00 9.16666666666666629659232512494782e-01 8.33333333333333287074040640618477e-02 0.00000000000000000000000000000000e+00 0.00000000000000000000000000000000e+00 
0.00000000000000000000000000000000e+00 0.00000000000000000000000000000000e+00 8.57142857142857095276156087493291e-01 1.42857142857142849212692681248882e-01 0.00000000000000000000000000000000e+00 
0.00000000000000000000000000000000e+00 0.00000000000000000000000000000000e+00 0.00000000000000000000000000000000e+00 7.48064203386404003026655118446797e-01 2.51935796613595996973344881553203e-01 
0.00000000000000000000000000000000e+00 0.00000000000000000000000000000000e+00 0.00000000000000000000000000000000e+00 0.00000000000000000000000000000000e+00 1.00000000000000000000000000000000e+00 

6.66666666666666629659232512494782e-01 3.33333333333333314829616256247391e-01 0.00000000000000000000000000000000e+00 0.00000000000000000000000000000000e+00 0.00000000000000000000000000000000e+00 
0.00000000000000000000000000000000e+00 9.16666666666666629659232512494782e-01 8.33333333333333287074040640618477e-02 0.00000000000000000000000000000000e+00 0.00000000000000000000000000000000e+00 
0.00000000000000000000000000000000e+00 0.00000000000000000000000000000000e+00 8.57142857142857095276156087493291e-01 1.42857142857142849212692681248882e-01 0.00000000000000000000000000000000e+00 
0.00000000000000000000000000000000e+00 0.00000000000000000000000000000000e+00 0.00000000000000000000000000000000e+00 7.48064203386404003026655118446797e-01 2.51935796613595996973344881553203e-01 
0.00000000000000000000000000000000e+00 0.00000000000000000000000000000000e+00 0.00000000000000000000000000000000e+00 0.00000000000000000000000000000000e+00 1.00000000000000000000000000000000e+00 

8.33320438942499075452019496879075e-01 1.66679561057500841281253656234185e-01 0.00000000000000000000000000000000e+00 0.00000000000000000000000000000000e+00 0.00000000000000000000000000000000e+00 
0.00000000000000000000000000000000e+00 8.88894618855729845563473645597696e-01 1.11105381144270196069889777845674e-01 0.00000000000000000000000000000000e+00 0.00000000000000000000000000000000e+00 
0.00000000000000000000000000000000e+00 0.00000000000000000000000000000000e+00 9.09090909043549166845821218885249e-01 9.09090909564508053986031654858380e-02 0.00000000000000000000000000000000e+00 
0.00000000000000000000000000000000e+00 0.00000000000000000000000000000000e+00 0.00000000000000000000000000000000e+00 8.60690497395202980257522540341597e-01 1.39309502604797047498053075287316e-01 
0.00000000000000000000000000000000e+00 0.00000000000000000000000000000000e+00 0.00000000000000000000000000000000e+00 0.00000000000000000000000000000000e+00 1.00000000000000000000000000000000e+00 

9.09536832142497808639802769903326e-01 9.04631678575021636046216144677601e-02 0.00000000000000000000000000000000e+00 0.00000000000000000000000000000000e+00 0.00000000000000000000000000000000e+00 
0.00000000000000000000000000000000e+00 7.46562372186192590994835427409271e-01 2.53437627813807353494013341332902e-01 0.00000000000000000000000000000000e+00 0.00000000000000000000000000000000e+00 
0.00000000000000000000000000000000e+00 0.00000000000000000000000000000000e+00 9.17135487264226778592046684934758e-01 8.28645127357731936523776994363288e-02 0.00000000000000000000000000000000e+00 
0.00000000000000000000000000000000e+00 0.00000000000000000000000000000000e+00 0.00000000000000000000000000000000e+00 9.27084321409933242996714852779405e-01 7.29156785900666737365583003338543e-02 
0.00000000000000000000000000000000e+00 0.00000000000000000000000000000000e+00 0.00000000000000000000000000000000e+00 0.00000000000000000000000000000000e+00 1.00000000000000000000000000000000e+00 

7.92028782442305456790165862912545e-01 2.07971217557694543209834137087455e-01 0.00000000000000000000000000000000e+00 0.00000000000000000000000000000000e+00 0.00000000000000000000000000000000e+00 
0.00000000000000000000000000000000e+00 8.77942974204791282133442109625321e-01 1.22057025795208731744345698189136e-01 0.00000000000000000000000000000000e+00 0.00000000000000000000000000000000e+00 
0.00000000000000000000000000000000e+00 0.00000000000000000000000000000000e+00 8.99987504239874946954103052121354e-01 1.00012495760125094679260371322016e-01 0.00000000000000000000000000000000e+00 
0.00000000000000000000000000000000e+00 0.00000000000000000000000000000000e+00 0.00000000000000000000000000000000e+00 8.89711763840720815110785224533174e-01 1.10288236159279212644790391095739e-01 
0.00000000000000000000000000000000e+00 0.00000000000000000000000000000000e+00 0.00000000000000000000000000000000e+00 0.00000000000000000000000000000000e+00 1.00000000000000000000000000000000e+00 

0.00000000000000000000000000000000e+00 1.00000000000000000000000000000000e+00 0.00000000000000000000000000000000e+00 0.00000000000000000000000000000000e+00 0.00000000000000000000000000000000e+00 
0.00000000000000000000000000000000e+00 9.23076923076923128164139598084148e-01 7.69230769230769273470116331736790e-02 0.00000000000000000000000000000000e+00 0.00000000000000000000000000000000e+00 
0.00000000000000000000000000000000e+00 0.00000000000000000000000000000000e+00 9.23076923076923128164139598084148e-01 7.69230769230769273470116331736790e-02 0.00000000000000000000000000000000e+00 
0.00000000000000000000000000000000e+00 0.00000000000000000000000000000000e+00 0.00000000000000000000000000000000e+00 9.00000000000000022204460492503131e-01 1.00000000000000005551115123125783e-01 
0.00000000000000000000000000000000e+00 0.00000000000000000000000000000000e+00 0.00000000000000000000000000000000e+00 0.00000000000000000000000000000000e+00 1.00000000000000000000000000000000e+00 

7.99999999999999933386618522490608e-01 2.00000000000000011102230246251565e-01 0.00000000000000000000000000000000e+00 0.00000000000000000000000000000000e+00 0.00000000000000000000000000000000e+00 
0.00000000000000000000000000000000e+00 5.00000000000000111022302462515654e-01 4.99999999999999888977697537484346e-01 0.00000000000000000000000000000000e+00 0.00000000000000000000000000000000e+00 
0.00000000000000000000000000000000e+00 0.00000000000000000000000000000000e+00 9.28571428571428603149229275004473e-01 7.14285714285714246063463406244409e-02 0.00000000000000000000000000000000e+00 
0.00000000000000000000000000000000e+00 0.00000000000000000000000000000000e+00 0.00000000000000000000000000000000e+00 8.88113255013265656678811410529306e-01 1.11886744986734384954552012914064e-01 
0.00000000000000000000000000000000e+00 0.00000000000000000000000000000000e+00 0.00000000000000000000000000000000e+00 0.00000000000000000000000000000000e+00 1.00000000000000000000000000000000e+00 

8.57142857142857095276156087493291e-01 1.42857142857142849212692681248882e-01 0.00000000000000000000000000000000e+00 0.00000000000000000000000000000000e+00 0.00000000000000000000000000000000e+00 
0.00000000000000000000000000000000e+00 8.23735079722539675906034517538501e-01 1.76264920277460351849541098090413e-01 0.00000000000000000000000000000000e+00 0.00000000000000000000000000000000e+00 
0.00000000000000000000000000000000e+00 0.00000000000000000000000000000000e+00 9.03163844439278107323332278610906e-01 9.68361555607218510433042979457241e-02 0.00000000000000000000000000000000e+00 
0.00000000000000000000000000000000e+00 0.00000000000000000000000000000000e+00 0.00000000000000000000000000000000e+00 8.55720294937317160766099277680041e-01 1.44279705062682894745051953577786e-01 
0.00000000000000000000000000000000e+00 0.00000000000000000000000000000000e+00 0.00000000000000000000000000000000e+00 0.00000000000000000000000000000000e+00 1.00000000000000000000000000000000e+00 

