8.77477617935958464912005183578003e-01 1.22522382064041562843570432050910e-01 0.00000000000000000000000000000000e+00 0.00000000000000000000000000000000e+00 0.00000000000000000000000000000000e+00 
0.00000000000000000000000000000000e+00 8.96986298514575897122824699181365e-01 1.03013701485424061243811877375265e-01 0.00000000000000000000000000000000e+00 0.00000000000000000000000000000000e+00 
0.00000000000000000000000000000000e+00 0.00000000000000000000000000000000e+00 8.97817559442873669439677541959099e-01 1.02182440557126372193685881484271e-01 0.00000000000000000000000000000000e+00 
0.00000000000000000000000000000000e+00 0.00000000000000000000000000000000e+00 0.00000000000000000000000000000000e+00 8.89954192645598607391832501889439e-01 1.10045807354401364852591882481647e-01 
0.00000000000000000000000000000000e+00 0.00000000000000000000000000000000e+00 0.00000000000000000000000000000000e+00 0.00000000000000000000000000000000e+00 1.00000000000000000000000000000000e+00 

9.41176470588235281056199710292276e-01 5.88235294117647050660124818932672e-02 0.00000000000000000000000000000000e+00 0.00000000000000000000000000000000e+00 0.00000000000000000000000000000000e+00 
0.00000000000000000000000000000000e+00 8.23779489606114800892555649625137e-01 1.76220510393885171351868734745949e-01 0.00000000000000000000000000000000e+00 0.00000000000000000000000000000000e+00 
0.00000000000000000000000000000000e+00 0.00000000000000000000000000000000e+00 9.34748387033578986837767388351494e-01 6.52516129664209715288691882051353e-02 0.00000000000000000000000000000000e+00 
0.00000000000000000000000000000000e+00 0.00000000000000000000000000000000e+00 0.00000000000000000000000000000000e+00 8.86870569851501810987315366219264e-01 1.13129430148498133501533402522909e-01 
0.00000000000000000000000000000000e+00 0.00000000000000000000000000000000e+00 0.00000000000000000000000000000000e+00 0.00000000000000000000000000000000e+00 1.00000000000000000000000000000000e+00 

8.13748859384298528496515245933551e-01 1.86251140615701415992333522808622e-01 0.00000000000000000000000000000000e+00 0.00000000000000000000000000000000e+00 0.00000000000000000000000000000000e+00 
0.00000000000000000000000000000000e+00 8.49191031226907644402501773583936e-01 1.50808968773092355597498226416064e-01 0.00000000000000000000000000000000e+00 0.00000000000000000000000000000000e+00 
0.00000000000000000000000000000000e+00 0.00000000000000000000000000000000e+00 8.08819936785917348309737917588791e-01 1.91180063214082623934686466782296e-01 0.00000000000000000000000000000000e+00 
0.00000000000000000000000000000000e+00 0.00000000000000000000000000000000e+00 0.00000000000000000000000000000000e+00 9.61194177874149069396025879541412e-01 3.88058221258509583595497360875015e-02 
0.00000000000000000000000000000000e+00 0.00000000000000000000000000000000e+00 0.00000000000000000000000000000000e+00 0.00000000000000000000000000000000e+00 1.00000000000000000000000000000000e+00 

0.00000000000000000000000000000000e+00 1.00000000000000000000000000000000e+00 0.00000000000000000000000000000000e+00 0.00000000000000000000000000000000e+00 0.00000000000000000000000000000000e+00 
0.00000000000000000000000000000000e+00 8.97197510941562303976581915776478e-01 1.02802489058437640512266852965695e-01 0.00000000000000000000000000000000e+00 0.00000000000000000000000000000000e+00 
0.00000000000000000000000000000000e+00 0.00000000000000000000000000000000e+00 8.38300576396459495853719090519007e-01 1.61699423603540476390705293852079e-01 0.00000000000000000000000000000000e+00 
0.00000000000000000000000000000000e+00 0.00000000000000000000000000000000e+00 0.00000000000000000000000000000000e+00 9.47611874526419373232499765435932e-01 5.23881254735805851341368111206975e-02 
0.00000000000000000000000000000000e+00 0.00000000000000000000000000000000e+00 0.00000000000000000000000000000000e+00 0.00000000000000000000000000000000e+00 1.00000000000000000000000000000000e+00 

6.78357989808047845414762377913576e-01 3.21642010191952099074086390828597e-01 0.00000000000000000000000000000000e+00 0.00000000000000000000000000000000e+00 0.00000000000000000000000000000000e+00 
0.00000000000000000000000000000000e+00 8.54882199492147054620261314994423e-01 1.45117800507852917624163069376664e-01 0.00000000000000000000000000000000e+00 0.00000000000000000000000000000000e+00 
0.00000000000000000000000000000000e+00 0.00000000000000000000000000000000e+00 9.49930371653759153538487680634717e-01 5.00696283462408048281488959219132e-02 0.00000000000000000000000000000000e+00 
0.00000000000000000000000000000000e+00 0.00000000000000000000000000000000e+00 0.00000000000000000000000000000000e+00 9.09320185644726608487076191522647e-01 9.06798143552734331462872319207236e-02 
0.00000000000000000000000000000000e+00 0.00000000000000000000000000000000e+00 0.00000000000000000000000000000000e+00 0.00000000000000000000000000000000e+00 1.00000000000000000000000000000000e+00 

5.00208694208017279336786486965138e-01 4.99791305791982665152062281777035e-01 0.00000000000000000000000000000000e+00 0.00000000000000000000000000000000e+00 0.00000000000000000000000000000000e+00 
0.00000000000000000000000000000000e+00 8.99991635875472595351709514943650e-01 1.00008364124527418526078292870807e-01 0.00000000000000000000000000000000e+00 0.00000000000000000000000000000000e+00 
0.00000000000000000000000000000000e+00 0.00000000000000000000000000000000e+00 8.00000065313457242588413009798387e-01 1.99999934686542868433889452717267e-01 0.00000000000000000000000000000000e+00 
0.00000000000000000000000000000000e+00 0.00000000000000000000000000000000e+00 0.00000000000000000000000000000000e+00 9.67036267588809561601692621479742e-01 3.29637324111904730927768980563997e-02 
0.00000000000000000000000000000000e+00 0.00000000000000000000000000000000e+00 0.00000000000000000000000000000000e+00 0.00000000000000000000000000000000e+00 1.00000000000000000000000000000000e+00 

7.48964861818417704242278887249995e-01 2.51035138181582295757721112750005e-01 0.00000000000000000000000000000000e+00 0.00000000000000000000000000000000e+00 0.00000000000000000000000000000000e+00 
0.00000000000000000000000000000000e+00 5.04525061281029030268996393715497e-01 4.95474938718970969731003606284503e-01 0.00000000000000000000000000000000e+00 0.00000000000000000000000000000000e+00 
0.00000000000000000000000000000000e+00 0.00000000000000000000000000000000e+00 8.83102025415695934817961187945912e-01 1.16897974584304079059826619868545e-01 0.00000000000000000000000000000000e+00 
0.00000000000000000000000000000000e+00 0.00000000000000000000000000000000e+00 0.00000000000000000000000000000000e+00 9.48517429129742017934745490492787e-01 5.14825708702579543096788938782993e-02 
0.00000000000000000000000000000000e+00 0.00000000000000000000000000000000e+00 0.00000000000000000000000000000000e+00 0.00000000000000000000000000000000e+00 1.00000000000000000000000000000000e+00 

9.01036798607104616465335311659146e-01 9.89632013928953835346646883408539e-02 0.00000000000000000000000000000000e+00 0.00000000000000000000000000000000e+00 0.00000000000000000000000000000000e+00 
0.00000000000000000000000000000000e+00 8.54337020783440870275171619141474e-01 1.45662979216559212991555227745266e-01 0.00000000000000000000000000000000e+00 0.00000000000000000000000000000000e+00 
0.00000000000000000000000000000000e+00 0.00000000000000000000000000000000e+00 6.62560400986993314198514326562872e-01 3.37439599013006630290334442179301e-01 0.00000000000000000000000000000000e+00 
0.00000000000000000000000000000000e+00 0.00000000000000000000000000000000e+00 0.00000000000000000000000000000000e+00 9.60128185054050065083686149591813e-01 3.98718149459499210385260425937304e-02 
0.00000000000000000000000000000000e+00 0.00000000000000000000000000000000e+00 0.00000000000000000000000000000000e+00 0.00000000000000000000000000000000e+00 1.00000000000000000000000000000000e+00 

9.29880483767457577393145129462937e-01 7.01195162325424364846426783515199e-02 0.00000000000000000000000000000000e+00 0.00000000000000000000000000000000e+00 0.00000000000000000000000000000000e+00 
0.00000000000000000000000000000000e+00 4.23452501885048848695447532008984e-01 5.76547498114951095793401236733189e-01 0.00000000000000000000000000000000e+00 0.00000000000000000000000000000000e+00 
0.00000000000000000000000000000000e+00 0.00000000000000000000000000000000e+00 8.35932670255957410709868327103322e-01 1.64067329744042617045707288525591e-01 0.00000000000000000000000000000000e+00 
0.00000000000000000000000000000000e+00 0.00000000000000000000000000000000e+00 0.00000000000000000000000000000000e+00 9.32912107620938457763770657038549e-01 6.70878923790615838695927664048213e-02 
0.00000000000000000000000000000000e+00 0.00000000000000000000000000000000e+00 0.00000000000000000000000000000000e+00 0.00000000000000000000000000000000e+00 1.00000000000000000000000000000000e+00 

0.00000000000000000000000000000000e+00 1.00000000000000000000000000000000e+00 0.00000000000000000000000000000000e+00 0.00000000000000000000000000000000e+00 0.00000000000000000000000000000000e+00 
0.00000000000000000000000000000000e+00 8.33333333333333370340767487505218e-01 1.66666666666666657414808128123695e-01 0.00000000000000000000000000000000e+00 0.00000000000000000000000000000000e+00 
0.00000000000000000000000000000000e+00 0.00000000000000000000000000000000e+00 0.00000000000000000000000000000000e+00 1.00000000000000000000000000000000e+00 0.00000000000000000000000000000000e+00 
0.00000000000000000000000000000000e+00 0.00000000000000000000000000000000e+00 0.00000000000000000000000000000000e+00 9.61538461538461564082069799042074e-01 3.84615384615384567346119126796111e-02 
0.00000000000000000000000000000000e+00 0.00000000000000000000000000000000e+00 0.00000000000000000000000000000000e+00 0.00000000000000000000000000000000e+00 1.00000000000000000000000000000000e+00 

5.21081693777299070902131461480167e-01 4.78918306222701040120171001035487e-01 0.00000000000000000000000000000000e+00 0.00000000000000000000000000000000e+00 0.00000000000000000000000000000000e+00 
0.00000000000000000000000000000000e+00 2.55378156484060703235172695713118e-01 7.44621843515939296764827304286882e-01 0.00000000000000000000000000000000e+00 0.00000000000000000000000000000000e+00 
0.00000000000000000000000000000000e+00 0.00000000000000000000000000000000e+00 5.19195037663527925175799282442313e-01 4.80804962336472019313049486299860e-01 0.00000000000000000000000000000000e+00 
0.00000000000000000000000000000000e+00 0.00000000000000000000000000000000e+00 0.00000000000000000000000000000000e+00 9.63621992091441392780382102500880e-01 3.63780079085586419140874170352618e-02 
0.00000000000000000000000000000000e+00 0.00000000000000000000000000000000e+00 0.00000000000000000000000000000000e+00 0.00000000000000000000000000000000e+00 1.00000000000000000000000000000000e+00 

3.33034170045235718401130855240632e-11 9.99999999966696639930319179256912e-01 0.00000000000000000000000000000000e+00 0.00000000000000000000000000000000e+00 0.00000000000000000000000000000000e+00 
0.00000000000000000000000000000000e+00 2.09950512586459888307129903467965e-11 9.99999999979005016470523514726665e-01 0.00000000000000000000000000000000e+00 0.00000000000000000000000000000000e+00 
0.00000000000000000000000000000000e+00 0.00000000000000000000000000000000e+00 7.04597751785157377923951571574435e-01 2.95402248214842677587199659683392e-01 0.00000000000000000000000000000000e+00 
0.00000000000000000000000000000000e+00 0.00000000000000000000000000000000e+00 0.00000000000000000000000000000000e+00 9.68369707594412654216853297839407e-01 3.16302924055873527220406060678215e-02 
0.00000000000000000000000000000000e+00 0.00000000000000000000000000000000e+00 0.00000000000000000000000000000000e+00 0.00000000000000000000000000000000e+00 1.00000000000000000000000000000000e+00 

6.66814522262872855229431934276363e-01 3.33185477737127200281719296981464e-01 0.00000000000000000000000000000000e+00 0.00000000000000000000000000000000e+00 0.00000000000000000000000000000000e+00 
0.00000000000000000000000000000000e+00 8.74971914738224110230646601849003e-01 1.25028085261775917524929013779911e-01 0.00000000000000000000000000000000e+00 0.00000000000000000000000000000000e+00 
0.00000000000000000000000000000000e+00 0.00000000000000000000000000000000e+00 5.00121698330230679552244055230403e-01 4.99878301669769431470058407285251e-01 0.00000000000000000000000000000000e+00 
0.00000000000000000000000000000000e+00 0.00000000000000000000000000000000e+00 0.00000000000000000000000000000000e+00 8.35520882313002588581696272740373e-01 1.64479117686997466929454958517454e-01 
0.00000000000000000000000000000000e+00 0.00000000000000000000000000000000e+00 0.00000000000000000000000000000000e+00 0.00000000000000000000000000000000e+00 1.00000000000000000000000000000000e+00 

9.16110461063907255407912089140154e-01 8.38895389360927307143001030453888e-02 0.00000000000000000000000000000000e+00 0.00000000000000000000000000000000e+00 0.00000000000000000000000000000000e+00 
0.00000000000000000000000000000000e+00 4.24067848262837110429046560966526e-01 5.75932151737162834059802207775647e-01 0.00000000000000000000000000000000e+00 0.00000000000000000000000000000000e+00 
0.00000000000000000000000000000000e+00 0.00000000000000000000000000000000e+00 9.01535593208947383381257623113925e-01 9.84644067910526166187423768860754e-02 0.00000000000000000000000000000000e+00 
0.00000000000000000000000000000000e+00 0.00000000000000000000000000000000e+00 0.00000000000000000000000000000000e+00 9.34153828946102771091375416290248e-01 6.58461710538972566642001993386657e-02 
0.00000000000000000000000000000000e+00 0.00000000000000000000000000000000e+00 0.00000000000000000000000000000000e+00 0.00000000000000000000000000000000e+00 1.00000000000000000000000000000000e+00 

8.49430031721482792228528069244931e-01 1.50569968278517124504745083868329e-01 0.00000000000000000000000000000000e+00 0.00000000000000000000000000000000e+00 0.00000000000000000000000000000000e+00 
0.00000000000000000000000000000000e+00 9.45529524653839770209629023156594e-01 5.44704753461602228514770729361771e-02 0.00000000000000000000000000000000e+00 0.00000000000000000000000000000000e+00 
0.00000000000000000000000000000000e+00 0.00000000000000000000000000000000e+00 8.78250345109000685184241774550173e-01 1.21749654890999231549031378563086e-01 0.00000000000000000000000000000000e+00 
0.00000000000000000000000000000000e+00 0.00000000000000000000000000000000e+00 0.00000000000000000000000000000000e+00 9.15156626832589581432841896457830e-01 8.48433731674104185671581035421696e-02 
0.00000000000000000000000000000000e+00 0.00000000000000000000000000000000e+00 0.00000000000000000000000000000000e+00 0.00000000000000000000000000000000e+00 1.00000000000000000000000000000000e+00 

8.57142857142857095276156087493291e-01 1.42857142857142849212692681248882e-01 0.00000000000000000000000000000000e+00 0.00000000000000000000000000000000e+00 0.00000000000000000000000000000000e+00 
0.00000000000000000000000000000000e+00 5.87951357520788087107632691186154e-01 4.12048642479212023914669771329500e-01 0.00000000000000000000000000000000e+00 0.00000000000000000000000000000000e+00 
0.00000000000000000000000000000000e+00 0.00000000000000000000000000000000e+00 8.67953714137159937358489969483344e-01 1.32046285862840062641510030516656e-01 0.00000000000000000000000000000000e+00 
0.00000000000000000000000000000000e+00 0.00000000000000000000000000000000e+00 0.00000000000000000000000000000000e+00 9.41176470588235281056199710292276e-01 5.88235294117647050660124818932672e-02 
0.00000000000000000000000000000000e+00 0.00000000000000000000000000000000e+00 0.00000000000000000000000000000000e+00 0.00000000000000000000000000000000e+00 1.00000000000000000000000000000000e+00 

6.13976787830623371711169511399930e-01 3.86023212169376628288830488600070e-01 0.00000000000000000000000000000000e+00 0.00000000000000000000000000000000e+00 0.00000000000000000000000000000000e+00 
0.00000000000000000000000000000000e+00 5.84967357685807320955007071461296e-01 4.15032642314192734556144159796531e-01 0.00000000000000000000000000000000e+00 0.00000000000000000000000000000000e+00 
0.00000000000000000000000000000000e+00 0.00000000000000000000000000000000e+00 2.99765861436488783006300396397439e-10 9.99999999700234232236084608302917e-01 0.00000000000000000000000000000000e+00 
0.00000000000000000000000000000000e+00 0.00000000000000000000000000000000e+00 0.00000000000000000000000000000000e+00 9.58298080060319579231986608647276e-01 4.17019199396803860735438718165824e-02 
0.00000000000000000000000000000000e+00 0.00000000000000000000000000000000e+00 0.00000000000000000000000000000000e+00 0.00000000000000000000000000000000e+00 1.00000000000000000000000000000000e+00 

7.50000000000000000000000000000000e-01 2.50000000000000000000000000000000e-01 0.00000000000000000000000000000000e+00 0.00000000000000000000000000000000e+00 0.00000000000000000000000000000000e+00 
0.00000000000000000000000000000000e+00 8.26417586001461201838935721752932e-01 1.73582413998538770405488662618154e-01 0.00000000000000000000000000000000e+00 0.00000000000000000000000000000000e+00 
0.00000000000000000000000000000000e+00 0.00000000000000000000000000000000e+00 9.48022375460159771876078593777493e-01 5.19776245398402628183909257586492e-02 0.00000000000000000000000000000000e+00 
0.00000000000000000000000000000000e+00 0.00000000000000000000000000000000e+00 0.00000000000000000000000000000000e+00 0.00000000000000000000000000000000e+00 1.00000000000000000000000000000000e+00 
0.00000000000000000000000000000000e+00 0.00000000000000000000000000000000e+00 0.00000000000000000000000000000000e+00 0.00000000000000000000000000000000e+00 1.00000000000000000000000000000000e+00 

5.32220552240208033545343369041802e-01 4.67779447759792021965807862216025e-01 0.00000000000000000000000000000000e+00 0.00000000000000000000000000000000e+00 0.00000000000000000000000000000000e+00 
0.00000000000000000000000000000000e+00 4.63012404784260034329435029576416e-01 5.36987595215739910159413739165757e-01 0.00000000000000000000000000000000e+00 0.00000000000000000000000000000000e+00 
0.00000000000000000000000000000000e+00 0.00000000000000000000000000000000e+00 9.52379974363877446208448418474291e-01 4.76200256361225329748698698040243e-02 0.00000000000000000000000000000000e+00 
0.00000000000000000000000000000000e+00 0.00000000000000000000000000000000e+00 0.00000000000000000000000000000000e+00 4.94171505174778924462941631645663e-01 5.05828494825221075537058368354337e-01 
0.00000000000000000000000000000000e+00 0.00000000000000000000000000000000e+00 0.00000000000000000000000000000000e+00 0.00000000000000000000000000000000e+00 1.00000000000000000000000000000000e+00 

7.23429736201008366514031422411790e-01 2.76570263798991633485968577588210e-01 0.00000000000000000000000000000000e+00 0.00000000000000000000000000000000e+00 0.00000000000000000000000000000000e+00 
0.00000000000000000000000000000000e+00 9.19252486633685750305744477373082e-01 8.07475133663141803053164835546340e-02 0.00000000000000000000000000000000e+00 0.00000000000000000000000000000000e+00 
0.00000000000000000000000000000000e+00 0.00000000000000000000000000000000e+00 9.07639537574259303021051437099231e-01 9.23604624257407108567363707152253e-02 0.00000000000000000000000000000000e+00 
0.00000000000000000000000000000000e+00 0.00000000000000000000000000000000e+00 0.00000000000000000000000000000000e+00 9.34092827940169123657199179433519e-01 6.59071720598308624650130127520242e-02 
0.00000000000000000000000000000000e+00 0.00000000000000000000000000000000e+00 0.00000000000000000000000000000000e+00 0.00000000000000000000000000000000e+00 1.00000000000000000000000000000000e+00 

6.92418372297752604538345622131601e-01 3.07581627702247395461654377868399e-01 0.00000000000000000000000000000000e+00 0.00000000000000000000000000000000e+00 0.00000000000000000000000000000000e+00 
0.00000000000000000000000000000000e+00 8.31894643547633205749036733323010e-01 1.68105356452366738739812035419163e-01 0.00000000000000000000000000000000e+00 0.00000000000000000000000000000000e+00 
0.00000000000000000000000000000000e+00 0.00000000000000000000000000000000e+00 8.63628054148228851971680342103355e-01 1.36371945851771120272744042267732e-01 0.00000000000000000000000000000000e+00 
0.00000000000000000000000000000000e+00 0.00000000000000000000000000000000e+00 0.00000000000000000000000000000000e+00 9.12890866770316278255847919353982e-01 8.71091332296836939885764650171041e-02 
0.00000000000000000000000000000000e+00 0.00000000000000000000000000000000e+00 0.00000000000000000000000000000000e+00 0.00000000000000000000000000000000e+00 1.00000000000000000000000000000000e+00 

6.66666666666666629659232512494782e-01 3.33333333333333314829616256247391e-01 0.00000000000000000000000000000000e+00 0.00000000000000000000000000000000e+00 0.00000000000000000000000000000000e+00 
0.00000000000000000000000000000000e+00 8.56954617455834899431010853732005e-01 1.43045382544165072813413530639082e-01 0.00000000000000000000000000000000e+00 0.00000000000000000000000000000000e+00 
0.00000000000000000000000000000000e+00 0.00000000000000000000000000000000e+00 9.44472860787194945508815635548672e-01 5.55271392128050128578209410079580e-02 0.00000000000000000000000000000000e+00 
0.00000000000000000000000000000000e+00 0.00000000000000000000000000000000e+00 0.00000000000000000000000000000000e+00 9.18767964113287094463089488272090e-01 8.12320358867128777813348960989970e-02 
0.00000000000000000000000000000000e+00 0.00000000000000000000000000000000e+00 0.00000000000000000000000000000000e+00 0.00000000000000000000000000000000e+00 1.00000000000000000000000000000000e+00 

0.00000000000000000000000000000000e+00 1.00000000000000000000000000000000e+00 0.00000000000000000000000000000000e+00 0.00000000000000000000000000000000e+00 0.00000000000000000000000000000000e+00 
0.00000000000000000000000000000000e+00 0.00000000000000000000000000000000e+00 1.00000000000000000000000000000000e+00 0.00000000000000000000000000000000e+00 0.00000000000000000000000000000000e+00 
0.00000000000000000000000000000000e+00 0.00000000000000000000000000000000e+00 8.85768262115432802872305728669744e-01 1.14231737884567113860967424443515e-01 0.00000000000000000000000000000000e+00 
0.00000000000000000000000000000000e+00 0.00000000000000000000000000000000e+00 0.00000000000000000000000000000000e+00 9.61898760747780023905306734377518e-01 3.81012392522200038502688812513952e-02 
0.00000000000000000000000000000000e+00 0.00000000000000000000000000000000e+00 0.00000000000000000000000000000000e+00 0.00000000000000000000000000000000e+00 1.00000000000000000000000000000000e+00 

6.69531273671899795907336283562472e-01 3.30468726328100148581512485179701e-01 0.00000000000000000000000000000000e+00 0.00000000000000000000000000000000e+00 0.00000000000000000000000000000000e+00 
0.00000000000000000000000000000000e+00 5.07448686223989087196173386473674e-01 4.92551313776010857292675382268499e-01 0.00000000000000000000000000000000e+00 0.00000000000000000000000000000000e+00 
0.00000000000000000000000000000000e+00 0.00000000000000000000000000000000e+00 9.01510109843867701862052399519598e-01 9.84898901561322565045841770370316e-02 0.00000000000000000000000000000000e+00 
0.00000000000000000000000000000000e+00 0.00000000000000000000000000000000e+00 0.00000000000000000000000000000000e+00 9.62673493650858191905683725053677e-01 3.73265063491418289109979866680078e-02 
0.00000000000000000000000000000000e+00 0.00000000000000000000000000000000e+00 0.00000000000000000000000000000000e+00 0.00000000000000000000000000000000e+00 1.00000000000000000000000000000000e+00 

8.94727626399264286405355051101651e-01 1.05272373600735741350220564527262e-01 0.00000000000000000000000000000000e+00 0.00000000000000000000000000000000e+00 0.00000000000000000000000000000000e+00 
0.00000000000000000000000000000000e+00 8.66648147949922953436896477796836e-01 1.33351852050076991051952290945337e-01 0.00000000000000000000000000000000e+00 0.00000000000000000000000000000000e+00 
0.00000000000000000000000000000000e+00 0.00000000000000000000000000000000e+00 5.01019825593091105986331967869774e-01 4.98980174406908894013668032130226e-01 0.00000000000000000000000000000000e+00 
0.00000000000000000000000000000000e+00 0.00000000000000000000000000000000e+00 0.00000000000000000000000000000000e+00 9.37490815985060121917626929644030e-01 6.25091840149398780823730703559704e-02 
0.00000000000000000000000000000000e+00 0.00000000000000000000000000000000e+00 0.00000000000000000000000000000000e+00 0.00000000000000000000000000000000e+00 1.00000000000000000000000000000000e+00 

