7.50000000000000000000000000000000e-01 2.50000000000000055511151231257827e-01 0.00000000000000000000000000000000e+00 0.00000000000000000000000000000000e+00 0.00000000000000000000000000000000e+00 
0.00000000000000000000000000000000e+00 8.23735079722539675906034517538501e-01 1.76264920277460351849541098090413e-01 0.00000000000000000000000000000000e+00 0.00000000000000000000000000000000e+00 
0.00000000000000000000000000000000e+00 0.00000000000000000000000000000000e+00 9.03163844439278107323332278610906e-01 9.68361555607218649210921057601809e-02 0.00000000000000000000000000000000e+00 
0.00000000000000000000000000000000e+00 0.00000000000000000000000000000000e+00 0.00000000000000000000000000000000e+00 0.00000000000000000000000000000000e+00 1.00000000000000000000000000000000e+00 
0.00000000000000000000000000000000e+00 0.00000000000000000000000000000000e+00 0.00000000000000000000000000000000e+00 0.00000000000000000000000000000000e+00 1.00000000000000000000000000000000e+00 

7.50000000000000000000000000000000e-01 2.50000000000000000000000000000000e-01 0.00000000000000000000000000000000e+00 0.00000000000000000000000000000000e+00 0.00000000000000000000000000000000e+00 
0.00000000000000000000000000000000e+00 7.50000000000000000000000000000000e-01 2.50000000000000000000000000000000e-01 0.00000000000000000000000000000000e+00 0.00000000000000000000000000000000e+00 
0.00000000000000000000000000000000e+00 0.00000000000000000000000000000000e+00 8.75000000000000000000000000000000e-01 1.25000000000000000000000000000000e-01 0.00000000000000000000000000000000e+00 
0.00000000000000000000000000000000e+00 0.00000000000000000000000000000000e+00 0.00000000000000000000000000000000e+00 9.52997349226935352994871664122911e-01 4.70026507730646192495527202481753e-02 
0.00000000000000000000000000000000e+00 0.00000000000000000000000000000000e+00 0.00000000000000000000000000000000e+00 0.00000000000000000000000000000000e+00 1.00000000000000000000000000000000e+00 

5.05765740627369564386128786281915e-01 4.94234259372630435613871213718085e-01 0.00000000000000000000000000000000e+00 0.00000000000000000000000000000000e+00 0.00000000000000000000000000000000e+00 
0.00000000000000000000000000000000e+00 8.74694708132293996527550916653126e-01 1.25305291867706058983600314604701e-01 0.00000000000000000000000000000000e+00 0.00000000000000000000000000000000e+00 
0.00000000000000000000000000000000e+00 0.00000000000000000000000000000000e+00 9.19042647466203455053346260683611e-01 8.09573525337965171910781236874755e-02 0.00000000000000000000000000000000e+00 
0.00000000000000000000000000000000e+00 0.00000000000000000000000000000000e+00 0.00000000000000000000000000000000e+00 9.69366477129050219119221765140537e-01 3.06335228709497288390739555552500e-02 
0.00000000000000000000000000000000e+00 0.00000000000000000000000000000000e+00 0.00000000000000000000000000000000e+00 0.00000000000000000000000000000000e+00 1.00000000000000000000000000000000e+00 

7.98806235149537302575595276721288e-01 2.01193764850462697424404723278712e-01 0.00000000000000000000000000000000e+00 0.00000000000000000000000000000000e+00 0.00000000000000000000000000000000e+00 
0.00000000000000000000000000000000e+00 9.00291551032782688679390048491769e-01 9.97084489672173529539733749516017e-02 0.00000000000000000000000000000000e+00 0.00000000000000000000000000000000e+00 
0.00000000000000000000000000000000e+00 0.00000000000000000000000000000000e+00 6.84169251774465081439302593935281e-01 3.15830748225534863049546174806892e-01 0.00000000000000000000000000000000e+00 
0.00000000000000000000000000000000e+00 0.00000000000000000000000000000000e+00 0.00000000000000000000000000000000e+00 9.73540868401354564376504185929662e-01 2.64591315986453939901323906269681e-02 
0.00000000000000000000000000000000e+00 0.00000000000000000000000000000000e+00 0.00000000000000000000000000000000e+00 0.00000000000000000000000000000000e+00 1.00000000000000000000000000000000e+00 

7.50000000000000000000000000000000e-01 2.50000000000000000000000000000000e-01 0.00000000000000000000000000000000e+00 0.00000000000000000000000000000000e+00 0.00000000000000000000000000000000e+00 
0.00000000000000000000000000000000e+00 8.00000000000000044408920985006262e-01 2.00000000000000011102230246251565e-01 0.00000000000000000000000000000000e+00 0.00000000000000000000000000000000e+00 
0.00000000000000000000000000000000e+00 0.00000000000000000000000000000000e+00 6.66666834709899180921865990967490e-01 3.33333165290100819078134009032510e-01 0.00000000000000000000000000000000e+00 
0.00000000000000000000000000000000e+00 0.00000000000000000000000000000000e+00 0.00000000000000000000000000000000e+00 9.08024109119687006241861126909498e-01 9.19758908803129937581388730905019e-02 
0.00000000000000000000000000000000e+00 0.00000000000000000000000000000000e+00 0.00000000000000000000000000000000e+00 0.00000000000000000000000000000000e+00 1.00000000000000000000000000000000e+00 

7.50000000000000000000000000000000e-01 2.50000000000000000000000000000000e-01 0.00000000000000000000000000000000e+00 0.00000000000000000000000000000000e+00 0.00000000000000000000000000000000e+00 
0.00000000000000000000000000000000e+00 8.33333333333333370340767487505218e-01 1.66666666666666657414808128123695e-01 0.00000000000000000000000000000000e+00 0.00000000000000000000000000000000e+00 
0.00000000000000000000000000000000e+00 0.00000000000000000000000000000000e+00 8.09402937405368838597041758475825e-01 1.90597062594631161402958241524175e-01 0.00000000000000000000000000000000e+00 
0.00000000000000000000000000000000e+00 0.00000000000000000000000000000000e+00 0.00000000000000000000000000000000e+00 9.61121842624727440451692928036209e-01 3.88781573752725734260948797782476e-02 
0.00000000000000000000000000000000e+00 0.00000000000000000000000000000000e+00 0.00000000000000000000000000000000e+00 0.00000000000000000000000000000000e+00 1.00000000000000000000000000000000e+00 

7.66464461637921923298222282028291e-01 2.33535538362078132212928949229536e-01 0.00000000000000000000000000000000e+00 0.00000000000000000000000000000000e+00 0.00000000000000000000000000000000e+00 
0.00000000000000000000000000000000e+00 8.85365307763289144382667927857256e-01 1.14634692236710841739544264328288e-01 0.00000000000000000000000000000000e+00 0.00000000000000000000000000000000e+00 
0.00000000000000000000000000000000e+00 0.00000000000000000000000000000000e+00 7.28983289240477061454726026568096e-01 2.71016710759522994056425204689731e-01 0.00000000000000000000000000000000e+00 
0.00000000000000000000000000000000e+00 0.00000000000000000000000000000000e+00 0.00000000000000000000000000000000e+00 9.43284953752377197666589836444473e-01 5.67150462476227607000467401121568e-02 
0.00000000000000000000000000000000e+00 0.00000000000000000000000000000000e+00 0.00000000000000000000000000000000e+00 0.00000000000000000000000000000000e+00 1.00000000000000000000000000000000e+00 

8.20960731411648270139380656473804e-01 1.79039268588351702105043727897282e-01 0.00000000000000000000000000000000e+00 0.00000000000000000000000000000000e+00 0.00000000000000000000000000000000e+00 
0.00000000000000000000000000000000e+00 8.65131560379600927923604558600346e-01 1.34868439620399127587546672657481e-01 0.00000000000000000000000000000000e+00 0.00000000000000000000000000000000e+00 
0.00000000000000000000000000000000e+00 0.00000000000000000000000000000000e+00 8.69202976184574649387570843828144e-01 1.30797023815425322856853540542943e-01 0.00000000000000000000000000000000e+00 
0.00000000000000000000000000000000e+00 0.00000000000000000000000000000000e+00 0.00000000000000000000000000000000e+00 9.74075405137160954538444457284641e-01 2.59245948628390905643659181123439e-02 
0.00000000000000000000000000000000e+00 0.00000000000000000000000000000000e+00 0.00000000000000000000000000000000e+00 0.00000000000000000000000000000000e+00 1.00000000000000000000000000000000e+00 

8.23841115836584370057948945031967e-01 1.76158884163415657697626670596946e-01 0.00000000000000000000000000000000e+00 0.00000000000000000000000000000000e+00 0.00000000000000000000000000000000e+00 
0.00000000000000000000000000000000e+00 8.12146828707487000720277592336060e-01 1.87853171292512999279722407663940e-01 0.00000000000000000000000000000000e+00 0.00000000000000000000000000000000e+00 
0.00000000000000000000000000000000e+00 0.00000000000000000000000000000000e+00 8.33333333333333481363069950020872e-01 1.66666666666666518636930049979128e-01 0.00000000000000000000000000000000e+00 
0.00000000000000000000000000000000e+00 0.00000000000000000000000000000000e+00 0.00000000000000000000000000000000e+00 9.00855078020869171062656732829055e-01 9.91449219791308705707066906143154e-02 
0.00000000000000000000000000000000e+00 0.00000000000000000000000000000000e+00 0.00000000000000000000000000000000e+00 0.00000000000000000000000000000000e+00 1.00000000000000000000000000000000e+00 

8.33326891961693849708581183222122e-01 1.66673108038306178046994432406791e-01 0.00000000000000000000000000000000e+00 0.00000000000000000000000000000000e+00 0.00000000000000000000000000000000e+00 
0.00000000000000000000000000000000e+00 7.50669527775568834471187074086629e-01 2.49330472224431193284388541542285e-01 0.00000000000000000000000000000000e+00 0.00000000000000000000000000000000e+00 
0.00000000000000000000000000000000e+00 0.00000000000000000000000000000000e+00 9.04321083464398767226555264642229e-01 9.56789165356011911400813119144004e-02 0.00000000000000000000000000000000e+00 
0.00000000000000000000000000000000e+00 0.00000000000000000000000000000000e+00 0.00000000000000000000000000000000e+00 9.57586776606242806586521965073189e-01 4.24132233937571587190085153906693e-02 
0.00000000000000000000000000000000e+00 0.00000000000000000000000000000000e+00 0.00000000000000000000000000000000e+00 0.00000000000000000000000000000000e+00 1.00000000000000000000000000000000e+00 

8.68017960619318906800856439076597e-01 1.31982039380681148710294792181230e-01 0.00000000000000000000000000000000e+00 0.00000000000000000000000000000000e+00 0.00000000000000000000000000000000e+00 
0.00000000000000000000000000000000e+00 8.16068697663485220772372485953383e-01 1.83931302336514779227627514046617e-01 0.00000000000000000000000000000000e+00 0.00000000000000000000000000000000e+00 
0.00000000000000000000000000000000e+00 0.00000000000000000000000000000000e+00 8.32954645009233329844278159725945e-01 1.67045354990766614644570609016228e-01 0.00000000000000000000000000000000e+00 
0.00000000000000000000000000000000e+00 0.00000000000000000000000000000000e+00 0.00000000000000000000000000000000e+00 8.56247542925608229325007414445281e-01 1.43752457074391742919416969925805e-01 
0.00000000000000000000000000000000e+00 0.00000000000000000000000000000000e+00 0.00000000000000000000000000000000e+00 0.00000000000000000000000000000000e+00 1.00000000000000000000000000000000e+00 

8.75000000000000000000000000000000e-01 1.25000000000000000000000000000000e-01 0.00000000000000000000000000000000e+00 0.00000000000000000000000000000000e+00 0.00000000000000000000000000000000e+00 
0.00000000000000000000000000000000e+00 7.24020268091401075771784690005006e-01 2.75979731908598924228215309994994e-01 0.00000000000000000000000000000000e+00 0.00000000000000000000000000000000e+00 
0.00000000000000000000000000000000e+00 0.00000000000000000000000000000000e+00 8.14006968044107992454883060418069e-01 1.85993031955892007545116939581931e-01 0.00000000000000000000000000000000e+00 
0.00000000000000000000000000000000e+00 0.00000000000000000000000000000000e+00 0.00000000000000000000000000000000e+00 9.75566052533666239199305891816039e-01 2.44339474663337677395880120911897e-02 
0.00000000000000000000000000000000e+00 0.00000000000000000000000000000000e+00 0.00000000000000000000000000000000e+00 0.00000000000000000000000000000000e+00 1.00000000000000000000000000000000e+00 

8.74502671786732577174916514195502e-01 1.25497328213267450580659101433412e-01 0.00000000000000000000000000000000e+00 0.00000000000000000000000000000000e+00 0.00000000000000000000000000000000e+00 
0.00000000000000000000000000000000e+00 5.11254102988178305011501834087539e-01 4.88745897011821639477346934654634e-01 0.00000000000000000000000000000000e+00 0.00000000000000000000000000000000e+00 
0.00000000000000000000000000000000e+00 0.00000000000000000000000000000000e+00 9.08971739068711537257172494719271e-01 9.10282609312884349872518896518159e-02 0.00000000000000000000000000000000e+00 
0.00000000000000000000000000000000e+00 0.00000000000000000000000000000000e+00 0.00000000000000000000000000000000e+00 9.73429249480503688829458042164333e-01 2.65707505194963077010950058820526e-02 
0.00000000000000000000000000000000e+00 0.00000000000000000000000000000000e+00 0.00000000000000000000000000000000e+00 0.00000000000000000000000000000000e+00 1.00000000000000000000000000000000e+00 

7.49963278265533661581798696715850e-01 2.50036721734466449440503765799804e-01 0.00000000000000000000000000000000e+00 0.00000000000000000000000000000000e+00 0.00000000000000000000000000000000e+00 
0.00000000000000000000000000000000e+00 8.45791691170246884290406796935713e-01 1.54208308829753115709593203064287e-01 0.00000000000000000000000000000000e+00 0.00000000000000000000000000000000e+00 
0.00000000000000000000000000000000e+00 0.00000000000000000000000000000000e+00 9.05542140890757241145081479771761e-01 9.44578591092427449771307124137820e-02 0.00000000000000000000000000000000e+00 
0.00000000000000000000000000000000e+00 0.00000000000000000000000000000000e+00 0.00000000000000000000000000000000e+00 9.72921067324404531539983054244658e-01 2.70789326755954753989108496625704e-02 
0.00000000000000000000000000000000e+00 0.00000000000000000000000000000000e+00 0.00000000000000000000000000000000e+00 0.00000000000000000000000000000000e+00 1.00000000000000000000000000000000e+00 

8.01347092518194470400771933782380e-01 1.98652907481805501843652450588706e-01 0.00000000000000000000000000000000e+00 0.00000000000000000000000000000000e+00 0.00000000000000000000000000000000e+00 
0.00000000000000000000000000000000e+00 7.98634513110074384378833656228380e-01 2.01365486889925587865590728142706e-01 0.00000000000000000000000000000000e+00 0.00000000000000000000000000000000e+00 
0.00000000000000000000000000000000e+00 0.00000000000000000000000000000000e+00 8.57142857142857095276156087493291e-01 1.42857142857142849212692681248882e-01 0.00000000000000000000000000000000e+00 
0.00000000000000000000000000000000e+00 0.00000000000000000000000000000000e+00 0.00000000000000000000000000000000e+00 9.69696969696969723884194536367431e-01 3.03030303030303038713810792614822e-02 
0.00000000000000000000000000000000e+00 0.00000000000000000000000000000000e+00 0.00000000000000000000000000000000e+00 0.00000000000000000000000000000000e+00 1.00000000000000000000000000000000e+00 

8.49341457900345542242348528816365e-01 1.50658542099654485513227086812549e-01 0.00000000000000000000000000000000e+00 0.00000000000000000000000000000000e+00 0.00000000000000000000000000000000e+00 
0.00000000000000000000000000000000e+00 8.13510072909803594320976571907522e-01 1.86489927090196350167872196834651e-01 0.00000000000000000000000000000000e+00 0.00000000000000000000000000000000e+00 
0.00000000000000000000000000000000e+00 0.00000000000000000000000000000000e+00 8.00010778378416276268580986652523e-01 1.99989221621583751486994628976390e-01 0.00000000000000000000000000000000e+00 
0.00000000000000000000000000000000e+00 0.00000000000000000000000000000000e+00 0.00000000000000000000000000000000e+00 9.70588221962929709185630144929746e-01 2.94117780370703255088393746063957e-02 
0.00000000000000000000000000000000e+00 0.00000000000000000000000000000000e+00 0.00000000000000000000000000000000e+00 0.00000000000000000000000000000000e+00 1.00000000000000000000000000000000e+00 

7.50000000000000000000000000000000e-01 2.50000000000000000000000000000000e-01 0.00000000000000000000000000000000e+00 0.00000000000000000000000000000000e+00 0.00000000000000000000000000000000e+00 
0.00000000000000000000000000000000e+00 7.99999999999696287389383542176802e-01 2.00000000000303823632918920338852e-01 0.00000000000000000000000000000000e+00 0.00000000000000000000000000000000e+00 
0.00000000000000000000000000000000e+00 0.00000000000000000000000000000000e+00 9.00000000000075961459344853210496e-01 9.99999999999240385406551467895042e-02 0.00000000000000000000000000000000e+00 
0.00000000000000000000000000000000e+00 0.00000000000000000000000000000000e+00 0.00000000000000000000000000000000e+00 8.88532346968675557086214666924207e-01 1.11467653031324442913785333075793e-01 
0.00000000000000000000000000000000e+00 0.00000000000000000000000000000000e+00 0.00000000000000000000000000000000e+00 0.00000000000000000000000000000000e+00 1.00000000000000000000000000000000e+00 

8.88888888888888839545643349993043e-01 1.11111111111111104943205418749130e-01 0.00000000000000000000000000000000e+00 0.00000000000000000000000000000000e+00 0.00000000000000000000000000000000e+00 
0.00000000000000000000000000000000e+00 6.66666666666666629659232512494782e-01 3.33333333333333314829616256247391e-01 0.00000000000000000000000000000000e+00 0.00000000000000000000000000000000e+00 
0.00000000000000000000000000000000e+00 0.00000000000000000000000000000000e+00 7.92500958044806469438015028572408e-01 2.07499041955193447295258124540851e-01 0.00000000000000000000000000000000e+00 
0.00000000000000000000000000000000e+00 0.00000000000000000000000000000000e+00 0.00000000000000000000000000000000e+00 8.83497087797717073343051197298337e-01 1.16502912202282954412524418330577e-01 
0.00000000000000000000000000000000e+00 0.00000000000000000000000000000000e+00 0.00000000000000000000000000000000e+00 0.00000000000000000000000000000000e+00 1.00000000000000000000000000000000e+00 

7.49378743360207488777291473525111e-01 2.50621256639792566733859757732716e-01 0.00000000000000000000000000000000e+00 0.00000000000000000000000000000000e+00 0.00000000000000000000000000000000e+00 
0.00000000000000000000000000000000e+00 7.31518992565926895466077439778019e-01 2.68481007434073104533922560221981e-01 0.00000000000000000000000000000000e+00 0.00000000000000000000000000000000e+00 
0.00000000000000000000000000000000e+00 0.00000000000000000000000000000000e+00 9.03466583478706897203380776772974e-01 9.65334165212931305521948388559395e-02 0.00000000000000000000000000000000e+00 
0.00000000000000000000000000000000e+00 0.00000000000000000000000000000000e+00 0.00000000000000000000000000000000e+00 9.36075057121337206211819648160599e-01 6.39249428786628354215437752827711e-02 
0.00000000000000000000000000000000e+00 0.00000000000000000000000000000000e+00 0.00000000000000000000000000000000e+00 0.00000000000000000000000000000000e+00 1.00000000000000000000000000000000e+00 

8.00000000000000044408920985006262e-01 2.00000000000000011102230246251565e-01 0.00000000000000000000000000000000e+00 0.00000000000000000000000000000000e+00 0.00000000000000000000000000000000e+00 
0.00000000000000000000000000000000e+00 0.00000000000000000000000000000000e+00 1.00000000000000000000000000000000e+00 0.00000000000000000000000000000000e+00 0.00000000000000000000000000000000e+00 
0.00000000000000000000000000000000e+00 0.00000000000000000000000000000000e+00 9.52875355360688236494581815350102e-01 4.71246446393117426887364729282126e-02 0.00000000000000000000000000000000e+00 
0.00000000000000000000000000000000e+00 0.00000000000000000000000000000000e+00 0.00000000000000000000000000000000e+00 9.63915026799605056950781545310747e-01 3.60849732003949361103245507820247e-02 
0.00000000000000000000000000000000e+00 0.00000000000000000000000000000000e+00 0.00000000000000000000000000000000e+00 0.00000000000000000000000000000000e+00 1.00000000000000000000000000000000e+00 

8.57142857142857095276156087493291e-01 1.42857142857142849212692681248882e-01 0.00000000000000000000000000000000e+00 0.00000000000000000000000000000000e+00 0.00000000000000000000000000000000e+00 
0.00000000000000000000000000000000e+00 8.00000000000000044408920985006262e-01 2.00000000000000011102230246251565e-01 0.00000000000000000000000000000000e+00 0.00000000000000000000000000000000e+00 
0.00000000000000000000000000000000e+00 0.00000000000000000000000000000000e+00 9.16666666666666629659232512494782e-01 8.33333333333333287074040640618477e-02 0.00000000000000000000000000000000e+00 
0.00000000000000000000000000000000e+00 0.00000000000000000000000000000000e+00 0.00000000000000000000000000000000e+00 9.66666666666666674068153497501044e-01 3.33333333333333328707404064061848e-02 
0.00000000000000000000000000000000e+00 0.00000000000000000000000000000000e+00 0.00000000000000000000000000000000e+00 0.00000000000000000000000000000000e+00 1.00000000000000000000000000000000e+00 

8.74999999999997446487043362139957e-01 1.25000000000002581268532253488956e-01 0.00000000000000000000000000000000e+00 0.00000000000000000000000000000000e+00 0.00000000000000000000000000000000e+00 
0.00000000000000000000000000000000e+00 6.09177394307249486793409687379608e-01 3.90822605692750457695439081362565e-01 0.00000000000000000000000000000000e+00 0.00000000000000000000000000000000e+00 
0.00000000000000000000000000000000e+00 0.00000000000000000000000000000000e+00 8.93217488923485736229679332609521e-01 1.06782511076514277648108475204936e-01 0.00000000000000000000000000000000e+00 
0.00000000000000000000000000000000e+00 0.00000000000000000000000000000000e+00 0.00000000000000000000000000000000e+00 9.16248889906220331802444434288191e-01 8.37511100937796265641921422684391e-02 
0.00000000000000000000000000000000e+00 0.00000000000000000000000000000000e+00 0.00000000000000000000000000000000e+00 0.00000000000000000000000000000000e+00 1.00000000000000000000000000000000e+00 

8.65471878931472926588241989520611e-01 1.34528121068527017900606779221562e-01 0.00000000000000000000000000000000e+00 0.00000000000000000000000000000000e+00 0.00000000000000000000000000000000e+00 
0.00000000000000000000000000000000e+00 7.19620310324781020661077945987927e-01 2.80379689675219034850073285269900e-01 0.00000000000000000000000000000000e+00 0.00000000000000000000000000000000e+00 
0.00000000000000000000000000000000e+00 0.00000000000000000000000000000000e+00 8.00000711250403506724637736624572e-01 1.99999288749596493275362263375428e-01 0.00000000000000000000000000000000e+00 
0.00000000000000000000000000000000e+00 0.00000000000000000000000000000000e+00 0.00000000000000000000000000000000e+00 9.09602470999594792111508922971552e-01 9.03975290004052495218545004718180e-02 
0.00000000000000000000000000000000e+00 0.00000000000000000000000000000000e+00 0.00000000000000000000000000000000e+00 0.00000000000000000000000000000000e+00 1.00000000000000000000000000000000e+00 

8.57142857142857095276156087493291e-01 1.42857142857142849212692681248882e-01 0.00000000000000000000000000000000e+00 0.00000000000000000000000000000000e+00 0.00000000000000000000000000000000e+00 
0.00000000000000000000000000000000e+00 6.66666666666666629659232512494782e-01 3.33333333333333314829616256247391e-01 0.00000000000000000000000000000000e+00 0.00000000000000000000000000000000e+00 
0.00000000000000000000000000000000e+00 0.00000000000000000000000000000000e+00 9.07758289617590197195795553852804e-01 9.22417103824097750486288305182825e-02 0.00000000000000000000000000000000e+00 
0.00000000000000000000000000000000e+00 0.00000000000000000000000000000000e+00 0.00000000000000000000000000000000e+00 9.50768677788148441898385954118567e-01 4.92313222118515719794018536958902e-02 
0.00000000000000000000000000000000e+00 0.00000000000000000000000000000000e+00 0.00000000000000000000000000000000e+00 0.00000000000000000000000000000000e+00 1.00000000000000000000000000000000e+00 

8.93940667041773995293851839960553e-01 1.06059332958226060217299391297274e-01 0.00000000000000000000000000000000e+00 0.00000000000000000000000000000000e+00 0.00000000000000000000000000000000e+00 
0.00000000000000000000000000000000e+00 7.20524850311000553126916656765388e-01 2.79475149688999391361932111976785e-01 0.00000000000000000000000000000000e+00 0.00000000000000000000000000000000e+00 
0.00000000000000000000000000000000e+00 0.00000000000000000000000000000000e+00 8.86021911974973264136679063085467e-01 1.13978088025026763618896552543447e-01 0.00000000000000000000000000000000e+00 
0.00000000000000000000000000000000e+00 0.00000000000000000000000000000000e+00 0.00000000000000000000000000000000e+00 9.66908853626928244118232669279678e-01 3.30911463730717073095100033697236e-02 
0.00000000000000000000000000000000e+00 0.00000000000000000000000000000000e+00 0.00000000000000000000000000000000e+00 0.00000000000000000000000000000000e+00 1.00000000000000000000000000000000e+00 

